,feat_1,feat_2,feat_3,feat_4,feat_5,feat_6,feat_7,feat_8,feat_9,feat_10,feat_11,feat_12,feat_13,feat_14,feat_15,feat_16,feat_17,feat_18,feat_19,feat_20,feat_21,feat_22,feat_23,feat_24,feat_25,feat_26,feat_27,feat_28,feat_29,feat_30,feat_31,feat_32,feat_33,feat_34,feat_35,feat_36,feat_37,feat_38,feat_39,feat_40,feat_41,feat_42,feat_43,feat_44,feat_45,feat_46,feat_47,feat_48,feat_49,feat_50,feat_51,feat_52,feat_53,feat_54,feat_55,feat_56,feat_57,feat_58,feat_59,feat_60,feat_61,feat_62,feat_63,feat_64,feat_65,feat_66,precipitation
15,261.7,287.2,297.3,302.4,279.9,277.9,1009.792473,1009.394624,1009.056667,1008.563441,1006.72,1007.060215,26.86129,26.820645,27.337333,27.814839,27.983333,27.914839,74.112903,72.919355,70375.0,71.016129,71.933333,72.0,23.37,21.97,20.95,21.35,21.51,22.63,26.3,25.57,25.46,25.25,25.24,24.91,25.42,24.45,23.95,23.99,24.24,24.13,28.11,27.77,27.74,27.42,27.24,27.06,0.37,0.31,0.28,0.22,0.2,0.09,0.56,0.67,0.51,0.49,0.43,0.29,0.85,0.59,0.41,0.21,0.32,0.11,328.3
16,287.2,297.3,302.4,279.9,277.9,245.0,1009.394624,1009.056667,1008.563441,1006.72,1007.060215,1006.335484,26.820645,27.337333,27.814839,27.983333,27.914839,27.636129,72.919355,70375.0,71.016129,71.933333,72.0,74.241935,21.97,20.95,21.35,21.51,22.63,23.79,25.57,25.46,25.25,25.24,24.91,24.86,24.45,23.95,23.99,24.24,24.13,24.41,27.77,27.74,27.42,27.24,27.06,26.64,0.31,0.28,0.22,0.2,0.09,-0.11,0.67,0.51,0.49,0.43,0.29,-0.1,0.59,0.41,0.21,0.32,0.11,0.13,361.2
17,297.3,302.4,279.9,277.9,245.0,183.5,1009.056667,1008.563441,1006.72,1007.060215,1006.335484,1006.577381,27.337333,27.814839,27.983333,27.914839,27.636129,27.499286,70375.0,71.016129,71.933333,72.0,74.241935,77.232143,20.95,21.35,21.51,22.63,23.79,25.56,25.46,25.25,25.24,24.91,24.86,25.43,23.95,23.99,24.24,24.13,24.41,25.52,27.74,27.42,27.24,27.06,26.64,26.56,0.28,0.22,0.2,0.09,-0.11,-0.32,0.51,0.49,0.43,0.29,-0.1,-0.2,0.41,0.21,0.32,0.11,0.13,0.05,43.2
18,302.4,279.9,277.9,245.0,183.5,161.1,1008.563441,1006.72,1007.060215,1006.335484,1006.577381,1006.190323,27.814839,27.983333,27.914839,27.636129,27.499286,26.556774,71.016129,71.933333,72.0,74.241935,77.232143,83.612903,21.35,21.51,22.63,23.79,25.56,26.45,25.25,25.24,24.91,24.86,25.43,26.33,23.99,24.24,24.13,24.41,25.52,26.68,27.42,27.24,27.06,26.64,26.56,26.98,0.22,0.2,0.09,-0.11,-0.32,-0.38,0.49,0.43,0.29,-0.1,-0.2,-0.23,0.21,0.32,0.11,0.13,0.05,0.33,10.4
19,279.9,277.9,245.0,183.5,161.1,157.1,1006.72,1007.060215,1006.335484,1006.577381,1006.190323,1007.497778,27.983333,27.914839,27.636129,27.499286,26.556774,26.537333,71.933333,72.0,74.241935,77.232143,83.612903,84.041667,21.51,22.63,23.79,25.56,26.45,24.64,25.24,24.91,24.86,25.43,26.33,26.7,24.24,24.13,24.41,25.52,26.68,26.71,27.24,27.06,26.64,26.56,26.98,27.41,0.2,0.09,-0.11,-0.32,-0.38,-0.31,0.43,0.29,-0.1,-0.2,-0.23,-0.13,0.32,0.11,0.13,0.05,0.33,0.45,5.5
20,277.9,245.0,183.5,161.1,157.1,175.4,1007.060215,1006.335484,1006.577381,1006.190323,1007.497778,1008.130108,27.914839,27.636129,27.499286,26.556774,26.537333,26.213548,72.0,74.241935,77.232143,83.612903,84.041667,84.145161,22.63,23.79,25.56,26.45,24.64,23.73,24.91,24.86,25.43,26.33,26.7,26.79,24.13,24.41,25.52,26.68,26.71,26.45,27.06,26.64,26.56,26.98,27.41,27.89,0.09,-0.11,-0.32,-0.38,-0.31,-0.21,0.29,-0.1,-0.2,-0.23,-0.13,0.11,0.11,0.13,0.05,0.33,0.45,0.53,49.9
21,245.0,183.5,161.1,157.1,175.4,253.1,1006.335484,1006.577381,1006.190323,1007.497778,1008.130108,1008.582222,27.636129,27.499286,26.556774,26.537333,26.213548,26.243333,74.241935,77.232143,83.612903,84.041667,84.145161,79375.0,23.79,25.56,26.45,24.64,23.73,22.36,24.86,25.43,26.33,26.7,26.79,26.53,24.41,25.52,26.68,26.71,26.45,25.72,26.64,26.56,26.98,27.41,27.89,27.96,-0.11,-0.32,-0.38,-0.31,-0.21,-0.15,-0.1,-0.2,-0.23,-0.13,0.11,0.15,0.13,0.05,0.33,0.45,0.53,0.49,8.6
22,183.5,161.1,157.1,175.4,253.1,284.0,1006.577381,1006.190323,1007.497778,1008.130108,1008.582222,1009.948387,27.499286,26.556774,26.537333,26.213548,26.243333,26.412903,77.232143,83.612903,84.041667,84.145161,79375.0,72.137097,25.56,26.45,24.64,23.73,22.36,21.73,25.43,26.33,26.7,26.79,26.53,26.13,25.52,26.68,26.71,26.45,25.72,25.05,26.56,26.98,27.41,27.89,27.96,27.75,-0.32,-0.38,-0.31,-0.21,-0.15,-0.09,-0.2,-0.23,-0.13,0.11,0.15,0.17,0.05,0.33,0.45,0.53,0.49,0.64,9.5
23,161.1,157.1,175.4,253.1,284.0,314.8,1006.190323,1007.497778,1008.130108,1008.582222,1009.948387,1009.913978,26.556774,26.537333,26.213548,26.243333,26.412903,26.594839,83.612903,84.041667,84.145161,79375.0,72.137097,70.306452,26.45,24.64,23.73,22.36,21.73,20.89,26.33,26.7,26.79,26.53,26.13,25.63,26.68,26.71,26.45,25.72,25.05,24.28,26.98,27.41,27.89,27.96,27.75,27.69,-0.38,-0.31,-0.21,-0.15,-0.09,-0.02,-0.23,-0.13,0.11,0.15,0.17,0.34,0.33,0.45,0.53,0.49,0.64,0.55,45.1
24,157.1,175.4,253.1,284.0,314.8,298.7,1007.497778,1008.130108,1008.582222,1009.948387,1009.913978,1008.44,26.537333,26.213548,26.243333,26.412903,26.594839,26872.0,84.041667,84.145161,79375.0,72.137097,70.306452,72.066667,24.64,23.73,22.36,21.73,20.89,19.67,26.7,26.79,26.53,26.13,25.63,25.63,26.71,26.45,25.72,25.05,24.28,23.79,27.41,27.89,27.96,27.75,27.69,27.79,-0.31,-0.21,-0.15,-0.09,-0.02,0.04,-0.13,0.11,0.15,0.17,0.34,0.38,0.45,0.53,0.49,0.64,0.55,0.24,246.9
25,175.4,253.1,284.0,314.8,298.7,299.5,1008.130108,1008.582222,1009.948387,1009.913978,1008.44,1008.424731,26.213548,26.243333,26.412903,26.594839,26872.0,27.300645,84.145161,79375.0,72.137097,70.306452,72.066667,70.266129,23.73,22.36,21.73,20.89,19.67,20.15,26.79,26.53,26.13,25.63,25.63,25.48,26.45,25.72,25.05,24.28,23.79,23.6,27.89,27.96,27.75,27.69,27.79,27.79,-0.21,-0.15,-0.09,-0.02,0.04,0.05,0.11,0.15,0.17,0.34,0.38,0.25,0.53,0.49,0.64,0.55,0.24,0.28,161.0
26,253.1,284.0,314.8,298.7,299.5,297.1,1008.582222,1009.948387,1009.913978,1008.44,1008.424731,1007.148889,26.243333,26.412903,26.594839,26872.0,27.300645,27.881333,79375.0,72.137097,70.306452,72.066667,70.266129,71.783333,22.36,21.73,20.89,19.67,20.15,20.43,26.53,26.13,25.63,25.63,25.48,25.12,25.72,25.05,24.28,23.79,23.6,23.6,27.96,27.75,27.69,27.79,27.79,27.42,-0.15,-0.09,-0.02,0.04,0.05,0.01,0.15,0.17,0.34,0.38,0.25,0.13,0.49,0.64,0.55,0.24,0.28,0.33,323.9
27,284.0,314.8,298.7,299.5,297.1,232.7,1009.948387,1009.913978,1008.44,1008.424731,1007.148889,1007.526882,26.412903,26.594839,26872.0,27.300645,27.881333,27.706452,72.137097,70.306452,72.066667,70.266129,71.783333,74.604839,21.73,20.89,19.67,20.15,20.43,22.17,26.13,25.63,25.63,25.48,25.12,24.86,25.05,24.28,23.79,23.6,23.6,23.68,27.75,27.69,27.79,27.79,27.42,27.18,-0.09,-0.02,0.04,0.05,0.01,-0.06,0.17,0.34,0.38,0.25,0.13,0.27,0.64,0.55,0.24,0.28,0.33,0.36,507.1
28,314.8,298.7,299.5,297.1,232.7,213.1,1009.913978,1008.44,1008.424731,1007.148889,1007.526882,1006.937634,26.594839,26872.0,27.300645,27.881333,27.706452,26.934839,70.306452,72.066667,70.266129,71.783333,74.604839,80.387097,20.89,19.67,20.15,20.43,22.17,23.81,25.63,25.63,25.48,25.12,24.86,24.78,24.28,23.79,23.6,23.6,23.68,24.0,27.69,27.79,27.79,27.42,27.18,26.99,-0.02,0.04,0.05,0.01,-0.06,-0.13,0.34,0.38,0.25,0.13,0.27,-0.18,0.55,0.24,0.28,0.33,0.36,0.21,203.4
29,298.7,299.5,297.1,232.7,213.1,188.2,1008.44,1008.424731,1007.148889,1007.526882,1006.937634,1008.275862,26872.0,27.300645,27.881333,27.706452,26.934839,27.267586,72.066667,70.266129,71.783333,74.604839,80.387097,77.896552,19.67,20.15,20.43,22.17,23.81,25.48,25.63,25.48,25.12,24.86,24.78,25.21,23.79,23.6,23.6,23.68,24.0,25.27,27.79,27.79,27.42,27.18,26.99,26.73,0.04,0.05,0.01,-0.06,-0.13,-0.16,0.38,0.25,0.13,0.27,-0.18,-0.1,0.24,0.28,0.33,0.36,0.21,0.39,83.3
30,299.5,297.1,232.7,213.1,188.2,174.6,1008.424731,1007.148889,1007.526882,1006.937634,1008.275862,1006.774194,27.300645,27.881333,27.706452,26.934839,27.267586,26.951613,70.266129,71.783333,74.604839,80.387097,77.896552,82.185484,20.15,20.43,22.17,23.81,25.48,26.02,25.48,25.12,24.86,24.78,25.21,26.3,23.6,23.6,23.68,24.0,25.27,26.7,27.79,27.42,27.18,26.99,26.73,26.89,0.05,0.01,-0.06,-0.13,-0.16,-0.14,0.25,0.13,0.27,-0.18,-0.1,0.06,0.28,0.33,0.36,0.21,0.39,0.4,114.1
31,297.1,232.7,213.1,188.2,174.6,124.3,1007.148889,1007.526882,1006.937634,1008.275862,1006.774194,1007.79,27.881333,27.706452,26.934839,27.267586,26.951613,26236.0,71.783333,74.604839,80.387097,77.896552,82.185484,86.291667,20.43,22.17,23.81,25.48,26.02,25.5,25.12,24.86,24.78,25.21,26.3,26.95,23.6,23.68,24.0,25.27,26.7,27.41,27.42,27.18,26.99,26.73,26.89,27.2,0.01,-0.06,-0.13,-0.16,-0.14,-0.15,0.13,0.27,-0.18,-0.1,0.06,-0.01,0.33,0.36,0.21,0.39,0.4,0.37,150.6
32,232.7,213.1,188.2,174.6,124.3,238.8,1007.526882,1006.937634,1008.275862,1006.774194,1007.79,1008.637634,27.706452,26.934839,27.267586,26.951613,26236.0,26.698065,74.604839,80.387097,77.896552,82.185484,86.291667,81.330645,22.17,23.81,25.48,26.02,25.5,24.02,24.86,24.78,25.21,26.3,26.95,27.07,23.68,24.0,25.27,26.7,27.41,26.88,27.18,26.99,26.73,26.89,27.2,27.63,-0.06,-0.13,-0.16,-0.14,-0.15,-0.23,0.27,-0.18,-0.1,0.06,-0.01,-0.06,0.36,0.21,0.39,0.4,0.37,0.29,147.4
33,213.1,188.2,174.6,124.3,238.8,226.6,1006.937634,1008.275862,1006.774194,1007.79,1008.637634,1009.747778,26.934839,27.267586,26.951613,26236.0,26.698065,26088.0,80.387097,77.896552,82.185484,86.291667,81.330645,80.191667,23.81,25.48,26.02,25.5,24.02,22.75,24.78,25.21,26.3,26.95,27.07,26.94,24.0,25.27,26.7,27.41,26.88,26.03,26.99,26.73,26.89,27.2,27.63,28.06,-0.13,-0.16,-0.14,-0.15,-0.23,-0.24,-0.18,-0.1,0.06,-0.01,-0.06,-0.16,0.21,0.39,0.4,0.37,0.29,0.2,3.4
53,296.6,290.6,269.4,273.5,134.4,210.6,1011.060606,1010.316129,1009.326667,1008.27907,1009.384783,1009.425301,26.938667,27.47871,27.75,28.057419,26.627097,27.263571,72.974138,71.983871,75.533333,77.258065,85.451613,80.991071,19.6,19.88,20.77,21.79,23.79,26.03,26.52,26.57,26.33,26.19,26.39,26.71,24.31,24.55,24.42,24.61,25.17,26.16,28.97,28.95,28.78,28.66,28.72,28.66,0.13,0.24,0.37,0.57,0.61,0.51,0.51,0.48,0.62,0.66,0.78,0.53,0.11,0.2,0.16,0.01,0.14,-0.06,190.0
54,290.6,269.4,273.5,134.4,210.6,182.6,1010.316129,1009.326667,1008.27907,1009.384783,1009.425301,1009.327957,27.47871,27.75,28.057419,26.627097,27.263571,26.757419,71.983871,75.533333,77.258065,85.451613,80.991071,85.798387,19.88,20.77,21.79,23.79,26.03,27.25,26.57,26.33,26.19,26.39,26.71,27.29,24.55,24.42,24.61,25.17,26.16,27.35,28.95,28.78,28.66,28.72,28.66,28.57,0.24,0.37,0.57,0.61,0.51,0.25,0.48,0.62,0.66,0.78,0.53,0.37,0.2,0.16,0.01,0.14,-0.06,0.29,119.8
55,269.4,273.5,134.4,210.6,182.6,153.3,1009.326667,1008.27907,1009.384783,1009.425301,1009.327957,1008.741111,27.75,28.057419,26.627097,27.263571,26.757419,26.317333,75.533333,77.258065,85.451613,80.991071,85.798387,87.358333,20.77,21.79,23.79,26.03,27.25,26.35,26.33,26.19,26.39,26.71,27.29,27.84,24.42,24.61,25.17,26.16,27.35,27.58,28.78,28.66,28.72,28.66,28.57,29.03,0.37,0.57,0.61,0.51,0.25,0.0,0.62,0.66,0.78,0.53,0.37,-0.02,0.16,0.01,0.14,-0.06,0.29,0.31,14.2
56,273.5,134.4,210.6,182.6,153.3,206.4,1008.27907,1009.384783,1009.425301,1009.327957,1008.741111,1009.896739,28.057419,26.627097,27.263571,26.757419,26.317333,26.656774,77.258065,85.451613,80.991071,85.798387,87.358333,85.346774,21.79,23.79,26.03,27.25,26.35,25.04,26.19,26.39,26.71,27.29,27.84,28.24,24.61,25.17,26.16,27.35,27.58,27.51,28.66,28.72,28.66,28.57,29.03,29.52,0.57,0.61,0.51,0.25,0.0,-0.14,0.66,0.78,0.53,0.37,-0.02,-0.19,0.01,0.14,-0.06,0.29,0.31,0.49,9.1
57,134.4,210.6,182.6,153.3,206.4,199.1,1009.384783,1009.425301,1009.327957,1008.741111,1009.896739,1012.003333,26.627097,27.263571,26.757419,26.317333,26.656774,25.957333,85.451613,80.991071,85.798387,87.358333,85.346774,83.491667,23.79,26.03,27.25,26.35,25.04,23.51,26.39,26.71,27.29,27.84,28.24,28.44,25.17,26.16,27.35,27.58,27.51,27.19,28.72,28.66,28.57,29.03,29.52,29.61,0.61,0.51,0.25,0.0,-0.14,-0.22,0.78,0.53,0.37,-0.02,-0.19,-0.13,0.14,-0.06,0.29,0.31,0.49,0.33,40.7
58,210.6,182.6,153.3,206.4,199.1,265.4,1009.425301,1009.327957,1008.741111,1009.896739,1012.003333,1012.609677,27.263571,26.757419,26.317333,26.656774,25.957333,25.798065,80.991071,85.798387,87.358333,85.346774,83.491667,79.693548,26.03,27.25,26.35,25.04,23.51,21.72,26.71,27.29,27.84,28.24,28.44,28.03,26.16,27.35,27.58,27.51,27.19,26.19,28.66,28.57,29.03,29.52,29.61,29.52,0.51,0.25,0.0,-0.14,-0.22,-0.18,0.53,0.37,-0.02,-0.19,-0.13,-0.06,-0.06,0.29,0.31,0.49,0.33,0.47,20.0
59,182.6,153.3,206.4,199.1,265.4,302.9,1009.327957,1008.741111,1009.896739,1012.003333,1012.609677,1012.019355,26.757419,26.317333,26.656774,25.957333,25.798065,26.330323,85.798387,87.358333,85.346774,83.491667,79.693548,76.725806,27.25,26.35,25.04,23.51,21.72,20.74,27.29,27.84,28.24,28.44,28.03,27.72,27.35,27.58,27.51,27.19,26.19,25.63,28.57,29.03,29.52,29.61,29.52,29.43,0.25,0.0,-0.14,-0.22,-0.18,-0.15,0.37,-0.02,-0.19,-0.13,-0.06,-0.05,0.29,0.31,0.49,0.33,0.47,0.01,4.3
60,153.3,206.4,199.1,265.4,302.9,291.0,1008.741111,1009.896739,1012.003333,1012.609677,1012.019355,1011.63908,26.317333,26.656774,25.957333,25.798065,26.330323,26632.0,87.358333,85.346774,83.491667,79.693548,76.725806,72.533333,26.35,25.04,23.51,21.72,20.74,20.93,27.84,28.24,28.44,28.03,27.72,27.81,27.58,27.51,27.19,26.19,25.63,25.76,29.03,29.52,29.61,29.52,29.43,29.37,0.0,-0.14,-0.22,-0.18,-0.15,-0.02,-0.02,-0.19,-0.13,-0.06,-0.05,0.07,0.31,0.49,0.33,0.47,0.01,-0.08,151.0
61,206.4,199.1,265.4,302.9,291.0,290.8,1009.896739,1012.003333,1012.609677,1012.019355,1011.63908,1009.849462,26.656774,25.957333,25.798065,26.330323,26632.0,27.150968,85.346774,83.491667,79.693548,76.725806,72.533333,73.524194,25.04,23.51,21.72,20.74,20.93,21.39,28.24,28.44,28.03,27.72,27.81,27.96,27.51,27.19,26.19,25.63,25.76,25.97,29.52,29.61,29.52,29.43,29.37,29.41,-0.14,-0.22,-0.18,-0.15,-0.02,0.01,-0.19,-0.13,-0.06,-0.05,0.07,0.36,0.49,0.33,0.47,0.01,-0.08,0.14,255.3
62,199.1,265.4,302.9,291.0,290.8,281.7,1012.003333,1012.609677,1012.019355,1011.63908,1009.849462,1009.808889,25.957333,25.798065,26.330323,26632.0,27.150968,27236.0,83.491667,79.693548,76.725806,72.533333,73.524194,74.858333,23.51,21.72,20.74,20.93,21.39,22.63,28.44,28.03,27.72,27.81,27.96,28.17,27.19,26.19,25.63,25.76,25.97,26.4,29.61,29.52,29.43,29.37,29.41,29.55,-0.22,-0.18,-0.15,-0.02,0.01,0.01,-0.13,-0.06,-0.05,0.07,0.36,0.22,0.33,0.47,0.01,-0.08,0.14,-0.07,547.9
63,265.4,302.9,291.0,290.8,281.7,279.1,1012.609677,1012.019355,1011.63908,1009.849462,1009.808889,1009.666304,25.798065,26.330323,26632.0,27.150968,27236.0,28.016129,79.693548,76.725806,72.533333,73.524194,74.858333,74.879032,21.72,20.74,20.93,21.39,22.63,23.91,28.03,27.72,27.81,27.96,28.17,27.97,26.19,25.63,25.76,25.97,26.4,26.44,29.52,29.43,29.37,29.41,29.55,29.38,-0.18,-0.15,-0.02,0.01,0.01,0.03,-0.06,-0.05,0.07,0.36,0.22,0.2,0.47,0.01,-0.08,0.14,-0.07,0.35,498.8
64,302.9,291.0,290.8,281.7,279.1,234.6,1012.019355,1011.63908,1009.849462,1009.808889,1009.666304,1009.811828,26.330323,26632.0,27.150968,27236.0,28.016129,27.463226,76.725806,72.533333,73.524194,74.858333,74.879032,77.33871,20.74,20.93,21.39,22.63,23.91,24.69,27.72,27.81,27.96,28.17,27.97,27.15,25.63,25.76,25.97,26.4,26.44,26.23,29.43,29.37,29.41,29.55,29.38,28.89,-0.15,-0.02,0.01,0.01,0.03,-0.0,-0.05,0.07,0.36,0.22,0.2,0.27,0.01,-0.08,0.14,-0.07,0.35,0.56,331.6
65,291.0,290.8,281.7,279.1,234.6,121.3,1011.63908,1009.849462,1009.808889,1009.666304,1009.811828,1009.022619,26632.0,27.150968,27236.0,28.016129,27.463226,26.754286,72.533333,73.524194,74.858333,74.879032,77.33871,84.642857,20.93,21.39,22.63,23.91,24.69,25.98,27.81,27.96,28.17,27.97,27.15,27.39,25.76,25.97,26.4,26.44,26.23,26.84,29.37,29.41,29.55,29.38,28.89,28.88,-0.02,0.01,0.01,0.03,-0.0,0.01,0.07,0.36,0.22,0.2,0.27,0.0,-0.08,0.14,-0.07,0.35,0.56,0.57,181.6
66,290.8,281.7,279.1,234.6,121.3,119.6,1009.849462,1009.808889,1009.666304,1009.811828,1009.022619,1008.75914,27.150968,27236.0,28.016129,27.463226,26.754286,26.286452,73.524194,74.858333,74.879032,77.33871,84.642857,86.854839,21.39,22.63,23.91,24.69,25.98,26.42,27.96,28.17,27.97,27.15,27.39,27.65,25.97,26.4,26.44,26.23,26.84,27.39,29.41,29.55,29.38,28.89,28.88,28.92,0.01,0.01,0.03,-0.0,0.01,-0.02,0.36,0.22,0.2,0.27,0.0,0.04,0.14,-0.07,0.35,0.56,0.57,0.63,16.8
67,281.7,279.1,234.6,121.3,119.6,140.5,1009.808889,1009.666304,1009.811828,1009.022619,1008.75914,1009.307778,27236.0,28.016129,27.463226,26.754286,26.286452,26.409333,74.858333,74.879032,77.33871,84.642857,86.854839,85.6,22.63,23.91,24.69,25.98,26.42,24.98,28.17,27.97,27.15,27.39,27.65,27.68,26.4,26.44,26.23,26.84,27.39,27.14,29.55,29.38,28.89,28.88,28.92,28.96,0.01,0.03,-0.0,0.01,-0.02,0.01,0.22,0.2,0.27,0.0,0.04,0.0,-0.07,0.35,0.56,0.57,0.63,0.42,12.5
68,279.1,234.6,121.3,119.6,140.5,201.9,1009.666304,1009.811828,1009.022619,1008.75914,1009.307778,1009.826882,28.016129,27.463226,26.754286,26.286452,26.409333,26.640645,74.879032,77.33871,84.642857,86.854839,85.6,83.604839,23.91,24.69,25.98,26.42,24.98,22.77,27.97,27.15,27.39,27.65,27.68,27.32,26.44,26.23,26.84,27.39,27.14,26.29,29.38,28.89,28.88,28.92,28.96,28.86,0.03,-0.0,0.01,-0.02,0.01,0.0,0.2,0.27,0.0,0.04,0.0,0.06,0.35,0.56,0.57,0.63,0.42,0.37,9.2
69,234.6,121.3,119.6,140.5,201.9,240.0,1009.811828,1009.022619,1008.75914,1009.307778,1009.826882,1010.285556,27.463226,26.754286,26.286452,26.409333,26.640645,26162.0,77.33871,84.642857,86.854839,85.6,83.604839,81.658333,24.69,25.98,26.42,24.98,22.77,21.77,27.15,27.39,27.65,27.68,27.32,27.44,26.23,26.84,27.39,27.14,26.29,26.03,28.89,28.88,28.92,28.96,28.86,29.07,-0.0,0.01,-0.02,0.01,0.0,0.05,0.27,0.0,0.04,0.0,0.06,0.22,0.56,0.57,0.63,0.42,0.37,0.1,4.4
70,121.3,119.6,140.5,201.9,240.0,284.2,1009.022619,1008.75914,1009.307778,1009.826882,1010.285556,1011.792473,26.754286,26.286452,26.409333,26.640645,26162.0,26.173548,84.642857,86.854839,85.6,83.604839,81.658333,76.951613,25.98,26.42,24.98,22.77,21.77,20.95,27.39,27.65,27.68,27.32,27.44,27.5,26.84,27.39,27.14,26.29,26.03,25.92,28.88,28.92,28.96,28.86,29.07,29.08,0.01,-0.02,0.01,0.0,0.05,0.2,0.0,0.04,0.0,0.06,0.22,0.36,0.57,0.63,0.42,0.37,0.1,0.4,19.1
71,119.6,140.5,201.9,240.0,284.2,292.4,1008.75914,1009.307778,1009.826882,1010.285556,1011.792473,1012.030108,26.286452,26.409333,26.640645,26162.0,26.173548,26.516129,86.854839,85.6,83.604839,81.658333,76.951613,74.064516,26.42,24.98,22.77,21.77,20.95,21.02,27.65,27.68,27.32,27.44,27.5,27.11,27.39,27.14,26.29,26.03,25.92,25.38,28.92,28.96,28.86,29.07,29.08,28.98,-0.02,0.01,0.0,0.05,0.2,0.34,0.04,0.0,0.06,0.22,0.36,0.59,0.63,0.42,0.37,0.1,0.4,0.49,40.1
72,140.5,201.9,240.0,284.2,292.4,300.6,1009.307778,1009.826882,1010.285556,1011.792473,1012.030108,1011.021348,26.409333,26.640645,26162.0,26.173548,26.516129,27.164667,85.6,83.604839,81.658333,76.951613,74.064516,71.566667,24.98,22.77,21.77,20.95,21.02,20.28,27.68,27.32,27.44,27.5,27.11,26.99,27.14,26.29,26.03,25.92,25.38,25.05,28.96,28.86,29.07,29.08,28.98,28.94,0.01,0.0,0.05,0.2,0.34,0.51,0.0,0.06,0.22,0.36,0.59,0.66,0.42,0.37,0.1,0.4,0.49,0.49,447.2
73,201.9,240.0,284.2,292.4,300.6,296.2,1009.826882,1010.285556,1011.792473,1012.030108,1011.021348,1009.567742,26.640645,26162.0,26.173548,26.516129,27.164667,27.685161,83.604839,81.658333,76.951613,74.064516,71.566667,71.717742,22.77,21.77,20.95,21.02,20.28,21.25,27.32,27.44,27.5,27.11,26.99,27.14,26.29,26.03,25.92,25.38,25.05,25.38,28.86,29.07,29.08,28.98,28.94,29.12,0.0,0.05,0.2,0.34,0.51,0.45,0.06,0.22,0.36,0.59,0.66,0.8,0.37,0.1,0.4,0.49,0.49,0.53,356.1
74,240.0,284.2,292.4,300.6,296.2,295.0,1010.285556,1011.792473,1012.030108,1011.021348,1009.567742,1008.56,26162.0,26.173548,26.516129,27.164667,27.685161,27792.0,81.658333,76.951613,74.064516,71.566667,71.717742,72.691667,21.77,20.95,21.02,20.28,21.25,21.94,27.44,27.5,27.11,26.99,27.14,27.04,26.03,25.92,25.38,25.05,25.38,25.75,29.07,29.08,28.98,28.94,29.12,29.07,0.05,0.2,0.34,0.51,0.45,0.41,0.22,0.36,0.59,0.66,0.8,0.48,0.1,0.4,0.49,0.49,0.53,0.55,515.8
75,284.2,292.4,300.6,296.2,295.0,286.5,1011.792473,1012.030108,1011.021348,1009.567742,1008.56,1008.925806,26.173548,26.516129,27.164667,27.685161,27792.0,27.978065,76.951613,74.064516,71.566667,71.717742,72.691667,74.483871,20.95,21.02,20.28,21.25,21.94,23.03,27.5,27.11,26.99,27.14,27.04,27.03,25.92,25.38,25.05,25.38,25.75,26.0,29.08,28.98,28.94,29.12,29.07,28.97,0.2,0.34,0.51,0.45,0.41,0.36,0.36,0.59,0.66,0.8,0.48,0.49,0.4,0.49,0.49,0.53,0.55,0.56,106.5
76,292.4,300.6,296.2,295.0,286.5,135.2,1012.030108,1011.021348,1009.567742,1008.56,1008.925806,1008.132258,26.516129,27.164667,27.685161,27792.0,27.978065,26.857419,74.064516,71.566667,71.717742,72.691667,74.483871,83.580645,21.02,20.28,21.25,21.94,23.03,24.36,27.11,26.99,27.14,27.04,27.03,26.81,25.38,25.05,25.38,25.75,26.0,26.08,28.98,28.94,29.12,29.07,28.97,28.75,0.34,0.51,0.45,0.41,0.36,0.49,0.59,0.66,0.8,0.48,0.49,0.5,0.49,0.49,0.53,0.55,0.56,0.41,64.2
77,300.6,296.2,295.0,286.5,135.2,140.0,1011.021348,1009.567742,1008.56,1008.925806,1008.132258,1008.964368,27.164667,27.685161,27792.0,27.978065,26.857419,26.574483,71.566667,71.717742,72.691667,74.483871,83.580645,84.405172,20.28,21.25,21.94,23.03,24.36,26.03,26.99,27.14,27.04,27.03,26.81,26.98,25.05,25.38,25.75,26.0,26.08,26.7,28.94,29.12,29.07,28.97,28.75,28.57,0.51,0.45,0.41,0.36,0.49,0.47,0.66,0.8,0.48,0.49,0.5,0.51,0.49,0.53,0.55,0.56,0.41,0.22,263.4
78,296.2,295.0,286.5,135.2,140.0,203.8,1009.567742,1008.56,1008.925806,1008.132258,1008.964368,1008.4,27.685161,27792.0,27.978065,26.857419,26.574483,26.991613,71.717742,72.691667,74.483871,83.580645,84.405172,82.991935,21.25,21.94,23.03,24.36,26.03,25.75,27.14,27.04,27.03,26.81,26.98,27.4,25.38,25.75,26.0,26.08,26.7,27.34,29.12,29.07,28.97,28.75,28.57,28.42,0.45,0.41,0.36,0.49,0.47,0.38,0.8,0.48,0.49,0.5,0.51,0.36,0.53,0.55,0.56,0.41,0.22,-0.01,109.0
79,295.0,286.5,135.2,140.0,203.8,202.1,1008.56,1008.925806,1008.132258,1008.964368,1008.4,1008.662222,27792.0,27.978065,26.857419,26.574483,26.991613,27.127333,72.691667,74.483871,83.580645,84.405172,82.991935,81.241667,21.94,23.03,24.36,26.03,25.75,24.96,27.04,27.03,26.81,26.98,27.4,27.89,25.75,26.0,26.08,26.7,27.34,27.52,29.07,28.97,28.75,28.57,28.42,28.71,0.41,0.36,0.49,0.47,0.38,0.19,0.48,0.49,0.5,0.51,0.36,0.46,0.55,0.56,0.41,0.22,-0.01,-0.26,11.3
80,286.5,135.2,140.0,203.8,202.1,257.2,1008.925806,1008.132258,1008.964368,1008.4,1008.662222,1009.96129,27.978065,26.857419,26.574483,26.991613,27.127333,27.097419,74.483871,83.580645,84.405172,82.991935,81.241667,79.83871,23.03,24.36,26.03,25.75,24.96,22.82,27.03,26.81,26.98,27.4,27.89,28.0,26.0,26.08,26.7,27.34,27.52,26.8,28.97,28.75,28.57,28.42,28.71,29.02,0.36,0.49,0.47,0.38,0.19,0.12,0.49,0.5,0.51,0.36,0.46,0.17,0.56,0.41,0.22,-0.01,-0.26,-0.12,24.6
81,135.2,140.0,203.8,202.1,257.2,176.3,1008.132258,1008.964368,1008.4,1008.662222,1009.96129,1012.261111,26.857419,26.574483,26.991613,27.127333,27.097419,25.660667,83.580645,84.405172,82.991935,81.241667,79.83871,82575.0,24.36,26.03,25.75,24.96,22.82,22.05,26.81,26.98,27.4,27.89,28.0,27.86,26.08,26.7,27.34,27.52,26.8,26.35,28.75,28.57,28.42,28.71,29.02,29.19,0.49,0.47,0.38,0.19,0.12,0.14,0.5,0.51,0.36,0.46,0.17,0.27,0.41,0.22,-0.01,-0.26,-0.12,-0.08,2.4
82,140.0,203.8,202.1,257.2,176.3,235.5,1008.964368,1008.4,1008.662222,1009.96129,1012.261111,1011.194624,26.574483,26.991613,27.127333,27.097419,25.660667,26.0,84.405172,82.991935,81.241667,79.83871,82575.0,79.612903,26.03,25.75,24.96,22.82,22.05,21.18,26.98,27.4,27.89,28.0,27.86,27.78,26.7,27.34,27.52,26.8,26.35,25.78,28.57,28.42,28.71,29.02,29.19,29.32,0.47,0.38,0.19,0.12,0.14,0.23,0.51,0.36,0.46,0.17,0.27,0.46,0.22,-0.01,-0.26,-0.12,-0.08,0.08,1.5
83,203.8,202.1,257.2,176.3,235.5,270.5,1008.4,1008.662222,1009.96129,1012.261111,1011.194624,1012.339785,26.991613,27.127333,27.097419,25.660667,26.0,26.556774,82.991935,81.241667,79.83871,82575.0,79.612903,73.822581,25.75,24.96,22.82,22.05,21.18,20.26,27.4,27.89,28.0,27.86,27.78,27.62,27.34,27.52,26.8,26.35,25.78,25.36,28.42,28.71,29.02,29.19,29.32,29.34,0.38,0.19,0.12,0.14,0.23,0.35,0.36,0.46,0.17,0.27,0.46,0.68,-0.01,-0.26,-0.12,-0.08,0.08,0.22,26.3
84,202.1,257.2,176.3,235.5,270.5,297.7,1008.662222,1009.96129,1012.261111,1011.194624,1012.339785,1010.686667,27.127333,27.097419,25.660667,26.0,26.556774,26.908667,81.241667,79.83871,82575.0,79.612903,73.822581,71.858333,24.96,22.82,22.05,21.18,20.26,20.46,27.89,28.0,27.86,27.78,27.62,27.53,27.52,26.8,26.35,25.78,25.36,25.35,28.71,29.02,29.19,29.32,29.34,29.45,0.19,0.12,0.14,0.23,0.35,0.41,0.46,0.17,0.27,0.46,0.68,0.59,-0.26,-0.12,-0.08,0.08,0.22,0.33,9.5
85,257.2,176.3,235.5,270.5,297.7,312.7,1009.96129,1012.261111,1011.194624,1012.339785,1010.686667,1009.526087,27.097419,25.660667,26.0,26.556774,26.908667,27.409677,79.83871,82575.0,79.612903,73.822581,71.858333,71.491935,22.82,22.05,21.18,20.26,20.46,21.16,28.0,27.86,27.78,27.62,27.53,27.44,26.8,26.35,25.78,25.36,25.35,25.52,29.02,29.19,29.32,29.34,29.45,29.46,0.12,0.14,0.23,0.35,0.41,0.46,0.17,0.27,0.46,0.68,0.59,0.62,-0.12,-0.08,0.08,0.22,0.33,0.14,109.3
86,176.3,235.5,270.5,297.7,312.7,303.4,1012.261111,1011.194624,1012.339785,1010.686667,1009.526087,1008.892222,25.660667,26.0,26.556774,26.908667,27.409677,27.630667,82575.0,79.612903,73.822581,71.858333,71.491935,71.533333,22.05,21.18,20.26,20.46,21.16,22.37,27.86,27.78,27.62,27.53,27.44,27.36,26.35,25.78,25.36,25.35,25.52,25.73,29.19,29.32,29.34,29.45,29.46,29.45,0.14,0.23,0.35,0.41,0.46,0.44,0.27,0.46,0.68,0.59,0.62,0.63,-0.08,0.08,0.22,0.33,0.14,0.24,193.8
87,235.5,270.5,297.7,312.7,303.4,289.8,1011.194624,1012.339785,1010.686667,1009.526087,1008.892222,1008.690323,26.0,26.556774,26.908667,27.409677,27.630667,27.729677,79.612903,73.822581,71.858333,71.491935,71.533333,73.104839,21.18,20.26,20.46,21.16,22.37,23.18,27.78,27.62,27.53,27.44,27.36,27.34,25.78,25.36,25.35,25.52,25.73,25.91,29.32,29.34,29.45,29.46,29.45,29.41,0.23,0.35,0.41,0.46,0.44,0.45,0.46,0.68,0.59,0.62,0.63,0.53,0.08,0.22,0.33,0.14,0.24,0.43,205.8
88,270.5,297.7,312.7,303.4,289.8,240.9,1012.339785,1010.686667,1009.526087,1008.892222,1008.690323,1008.04086,26.556774,26.908667,27.409677,27.630667,27.729677,28.237419,73.822581,71.858333,71.491935,71.533333,73.104839,73.774194,20.26,20.46,21.16,22.37,23.18,24.54,27.62,27.53,27.44,27.36,27.34,27.21,25.36,25.35,25.52,25.73,25.91,25.98,29.34,29.45,29.46,29.45,29.41,29.2,0.35,0.41,0.46,0.44,0.45,0.38,0.68,0.59,0.62,0.63,0.53,0.46,0.22,0.33,0.14,0.24,0.43,0.61,365.8
89,297.7,312.7,303.4,289.8,240.9,215.5,1010.686667,1009.526087,1008.892222,1008.690323,1008.04086,1007.621429,26.908667,27.409677,27.630667,27.729677,28.237419,28.31,71.858333,71.491935,71.533333,73.104839,73.774194,75.901786,20.46,21.16,22.37,23.18,24.54,25.16,27.53,27.44,27.36,27.34,27.21,27.11,25.35,25.52,25.73,25.91,25.98,26.31,29.45,29.46,29.45,29.41,29.2,28.87,0.41,0.46,0.44,0.45,0.38,0.47,0.59,0.62,0.63,0.53,0.46,0.38,0.33,0.14,0.24,0.43,0.61,0.49,162.0
90,312.7,303.4,289.8,240.9,215.5,186.9,1009.526087,1008.892222,1008.690323,1008.04086,1007.621429,1008.734409,27.409677,27.630667,27.729677,28.237419,28.31,27.839355,71.491935,71.533333,73.104839,73.774194,75.901786,79.056452,21.16,22.37,23.18,24.54,25.16,25.03,27.44,27.36,27.34,27.21,27.11,27.73,25.52,25.73,25.91,25.98,26.31,27.14,29.46,29.45,29.41,29.2,28.87,28.93,0.46,0.44,0.45,0.38,0.47,0.57,0.62,0.63,0.53,0.46,0.38,0.68,0.14,0.24,0.43,0.61,0.49,0.61,49.4
91,303.4,289.8,240.9,215.5,186.9,201.9,1008.892222,1008.690323,1008.04086,1007.621429,1008.734409,1008.482222,27.630667,27.729677,28.237419,28.31,27.839355,27.78,71.533333,73.104839,73.774194,75.901786,79.056452,79925.0,22.37,23.18,24.54,25.16,25.03,25.12,27.36,27.34,27.21,27.11,27.73,28.08,25.73,25.91,25.98,26.31,27.14,27.53,29.45,29.41,29.2,28.87,28.93,29.05,0.44,0.45,0.38,0.47,0.57,0.75,0.63,0.53,0.46,0.38,0.68,0.81,0.24,0.43,0.61,0.49,0.61,0.29,15.1
92,289.8,240.9,215.5,186.9,201.9,211.7,1008.690323,1008.04086,1007.621429,1008.734409,1008.482222,1009.086022,27.729677,28.237419,28.31,27.839355,27.78,26.821935,73.104839,73.774194,75.901786,79.056452,79925.0,82.580645,23.18,24.54,25.16,25.03,25.12,24.04,27.34,27.21,27.11,27.73,28.08,28.24,25.91,25.98,26.31,27.14,27.53,27.41,29.41,29.2,28.87,28.93,29.05,29.21,0.45,0.38,0.47,0.57,0.75,0.75,0.53,0.46,0.38,0.68,0.81,1.01,0.43,0.61,0.49,0.61,0.29,-0.06,1.7
93,240.9,215.5,186.9,201.9,211.7,201.2,1008.04086,1007.621429,1008.734409,1008.482222,1009.086022,1010.458889,28.237419,28.31,27.839355,27.78,26.821935,26112.0,73.774194,75.901786,79.056452,79925.0,82.580645,83.608333,24.54,25.16,25.03,25.12,24.04,22.35,27.21,27.11,27.73,28.08,28.24,27.77,25.98,26.31,27.14,27.53,27.41,26.68,29.2,28.87,28.93,29.05,29.21,29.14,0.38,0.47,0.57,0.75,0.75,0.68,0.46,0.38,0.68,0.81,1.01,0.92,0.61,0.49,0.61,0.29,-0.06,-0.26,0.4
94,215.5,186.9,201.9,211.7,201.2,281.5,1007.621429,1008.734409,1008.482222,1009.086022,1010.458889,1012.054839,28.31,27.839355,27.78,26.821935,26112.0,26.124516,75.901786,79.056452,79925.0,82.580645,83.608333,77.491935,25.16,25.03,25.12,24.04,22.35,21.61,27.11,27.73,28.08,28.24,27.77,27.06,26.31,27.14,27.53,27.41,26.68,25.91,28.87,28.93,29.05,29.21,29.14,28.79,0.47,0.57,0.75,0.75,0.68,0.53,0.38,0.68,0.81,1.01,0.92,0.84,0.49,0.61,0.29,-0.06,-0.26,-0.32,0.8
95,186.9,201.9,211.7,201.2,281.5,315.5,1008.734409,1008.482222,1009.086022,1010.458889,1012.054839,1011.425806,27.839355,27.78,26.821935,26112.0,26.124516,26.666452,79.056452,79925.0,82.580645,83.608333,77.491935,71.548387,25.03,25.12,24.04,22.35,21.61,20.61,27.73,28.08,28.24,27.77,27.06,26.8,27.14,27.53,27.41,26.68,25.91,25.3,28.93,29.05,29.21,29.14,28.79,28.73,0.57,0.75,0.75,0.68,0.53,0.46,0.68,0.81,1.01,0.92,0.84,0.74,0.61,0.29,-0.06,-0.26,-0.32,0.01,24.6
96,201.9,211.7,201.2,281.5,315.5,299.8,1008.482222,1009.086022,1010.458889,1012.054839,1011.425806,1011.093333,27.78,26.821935,26112.0,26.124516,26.666452,27.046667,79925.0,82.580645,83.608333,77.491935,71.548387,69.6,25.12,24.04,22.35,21.61,20.61,19.99,28.08,28.24,27.77,27.06,26.8,26.68,27.53,27.41,26.68,25.91,25.3,24.82,29.05,29.21,29.14,28.79,28.73,28.79,0.75,0.75,0.68,0.53,0.46,0.38,0.81,1.01,0.92,0.84,0.74,0.73,0.29,-0.06,-0.26,-0.32,0.01,-0.09,42.8
97,211.7,201.2,281.5,315.5,299.8,304.7,1009.086022,1010.458889,1012.054839,1011.425806,1011.093333,1009.939785,26.821935,26112.0,26.124516,26.666452,27.046667,27.468387,82.580645,83.608333,77.491935,71.548387,69.6,69.685484,24.04,22.35,21.61,20.61,19.99,19.75,28.24,27.77,27.06,26.8,26.68,26.65,27.41,26.68,25.91,25.3,24.82,24.64,29.21,29.14,28.79,28.73,28.79,28.85,0.75,0.68,0.53,0.46,0.38,0.37,1.01,0.92,0.84,0.74,0.73,0.54,-0.06,-0.26,-0.32,0.01,-0.09,-0.0,105.5
98,201.2,281.5,315.5,299.8,304.7,305.4,1010.458889,1012.054839,1011.425806,1011.093333,1009.939785,1008.134444,26112.0,26.124516,26.666452,27.046667,27.468387,28.019333,83.608333,77.491935,71.548387,69.6,69.685484,70.383333,22.35,21.61,20.61,19.99,19.75,20.23,27.77,27.06,26.8,26.68,26.65,26.11,26.68,25.91,25.3,24.82,24.64,23.97,29.14,28.79,28.73,28.79,28.85,28.55,0.68,0.53,0.46,0.38,0.37,0.42,0.92,0.84,0.74,0.73,0.54,0.4,-0.26,-0.32,0.01,-0.09,-0.0,-0.07,207.7
99,281.5,315.5,299.8,304.7,305.4,275.9,1012.054839,1011.425806,1011.093333,1009.939785,1008.134444,1007.3,26.124516,26.666452,27.046667,27.468387,28.019333,28.150968,77.491935,71.548387,69.6,69.685484,70.383333,72.217742,21.61,20.61,19.99,19.75,20.23,21.89,27.06,26.8,26.68,26.65,26.11,25.68,25.91,25.3,24.82,24.64,23.97,24.0,28.79,28.73,28.79,28.85,28.55,28.28,0.53,0.46,0.38,0.37,0.42,0.47,0.84,0.74,0.73,0.54,0.4,0.55,-0.32,0.01,-0.09,-0.0,-0.07,-0.02,574.5
100,315.5,299.8,304.7,305.4,275.9,263.6,1011.425806,1011.093333,1009.939785,1008.134444,1007.3,1007.578495,26.666452,27.046667,27.468387,28.019333,28.150968,28.007742,71.548387,69.6,69.685484,70.383333,72.217742,72.612903,20.61,19.99,19.75,20.23,21.89,24.19,26.8,26.68,26.65,26.11,25.68,25.63,25.3,24.82,24.64,23.97,24.0,24.85,28.73,28.79,28.85,28.55,28.28,27.82,0.46,0.38,0.37,0.42,0.47,0.39,0.74,0.73,0.54,0.4,0.55,0.41,0.01,-0.09,-0.0,-0.07,-0.02,0.04,506.4
101,299.8,304.7,305.4,275.9,263.6,186.2,1011.093333,1009.939785,1008.134444,1007.3,1007.578495,1008.190476,27.046667,27.468387,28.019333,28.150968,28.007742,27.649286,69.6,69.685484,70.383333,72.217742,72.612903,77.5,19.99,19.75,20.23,21.89,24.19,26.32,26.68,26.65,26.11,25.68,25.63,26.08,24.82,24.64,23.97,24.0,24.85,26.06,28.79,28.85,28.55,28.28,27.82,27.52,0.38,0.37,0.42,0.47,0.39,0.19,0.73,0.54,0.4,0.55,0.41,0.19,-0.09,-0.0,-0.07,-0.02,0.04,0.23,178.7
102,304.7,305.4,275.9,263.6,186.2,195.0,1009.939785,1008.134444,1007.3,1007.578495,1008.190476,1008.4,27.468387,28.019333,28.150968,28.007742,27.649286,27.338065,69.685484,70.383333,72.217742,72.612903,77.5,80.451613,19.75,20.23,21.89,24.19,26.32,26.2,26.65,26.11,25.68,25.63,26.08,26.57,24.64,23.97,24.0,24.85,26.06,26.65,28.85,28.55,28.28,27.82,27.52,27.73,0.37,0.42,0.47,0.39,0.19,0.16,0.54,0.4,0.55,0.41,0.19,0.18,-0.0,-0.07,-0.02,0.04,0.23,0.41,41.6
103,305.4,275.9,263.6,186.2,195.0,120.3,1008.134444,1007.3,1007.578495,1008.190476,1008.4,1007.832222,28.019333,28.150968,28.007742,27.649286,27.338065,26.503333,70.383333,72.217742,72.612903,77.5,80.451613,86.583333,20.23,21.89,24.19,26.32,26.2,24.04,26.11,25.68,25.63,26.08,26.57,27.5,23.97,24.0,24.85,26.06,26.65,27.16,28.55,28.28,27.82,27.52,27.73,28.29,0.42,0.47,0.39,0.19,0.16,0.25,0.4,0.55,0.41,0.19,0.18,0.41,-0.07,-0.02,0.04,0.23,0.41,0.31,15.9
104,275.9,263.6,186.2,195.0,120.3,209.7,1007.3,1007.578495,1008.190476,1008.4,1007.832222,1009.741935,28.150968,28.007742,27.649286,27.338065,26.503333,26.515484,72.217742,72.612903,77.5,80.451613,86.583333,83.774194,21.89,24.19,26.32,26.2,24.04,23.86,25.68,25.63,26.08,26.57,27.5,27.85,24.0,24.85,26.06,26.65,27.16,27.17,28.28,27.82,27.52,27.73,28.29,28.86,0.47,0.39,0.19,0.16,0.25,0.37,0.55,0.41,0.19,0.18,0.41,0.43,-0.02,0.04,0.23,0.41,0.31,0.24,11.7
105,263.6,186.2,195.0,120.3,209.7,189.5,1007.578495,1008.190476,1008.4,1007.832222,1009.741935,1010.604444,28.007742,27.649286,27.338065,26.503333,26.515484,25.973333,72.612903,77.5,80.451613,86.583333,83.774194,81.05,24.19,26.32,26.2,24.04,23.86,22.91,25.63,26.08,26.57,27.5,27.85,27.73,24.85,26.06,26.65,27.16,27.17,26.61,27.82,27.52,27.73,28.29,28.86,29.03,0.39,0.19,0.16,0.25,0.37,0.33,0.41,0.19,0.18,0.41,0.43,0.52,0.04,0.23,0.41,0.31,0.24,0.41,6.1
106,186.2,195.0,120.3,209.7,189.5,270.4,1008.190476,1008.4,1007.832222,1009.741935,1010.604444,1011.724731,27.649286,27.338065,26.503333,26.515484,25.973333,26.135484,77.5,80.451613,86.583333,83.774194,81.05,78.459677,26.32,26.2,24.04,23.86,22.91,22.16,26.08,26.57,27.5,27.85,27.73,27.3,26.06,26.65,27.16,27.17,26.61,25.82,27.52,27.73,28.29,28.86,29.03,29.1,0.19,0.16,0.25,0.37,0.33,0.3,0.19,0.18,0.41,0.43,0.52,0.36,0.23,0.41,0.31,0.24,0.41,0.3,7.4
107,195.0,120.3,209.7,189.5,270.4,297.0,1008.4,1007.832222,1009.741935,1010.604444,1011.724731,1011.096774,27.338065,26.503333,26.515484,25.973333,26.135484,26.606452,80.451613,86.583333,83.774194,81.05,78.459677,72.346774,26.2,24.04,23.86,22.91,22.16,21.71,26.57,27.5,27.85,27.73,27.3,27.16,26.65,27.16,27.17,26.61,25.82,25.51,27.73,28.29,28.86,29.03,29.1,29.21,0.16,0.25,0.37,0.33,0.3,0.3,0.18,0.41,0.43,0.52,0.36,0.53,0.41,0.31,0.24,0.41,0.3,0.33,7.6
108,120.3,209.7,189.5,270.4,297.0,291.8,1007.832222,1009.741935,1010.604444,1011.724731,1011.096774,1010.988889,26.503333,26.515484,25.973333,26.135484,26.606452,27.327333,86.583333,83.774194,81.05,78.459677,72.346774,70.366667,24.04,23.86,22.91,22.16,21.71,21.7,27.5,27.85,27.73,27.3,27.16,27.32,27.16,27.17,26.61,25.82,25.51,25.73,28.29,28.86,29.03,29.1,29.21,29.4,0.25,0.37,0.33,0.3,0.3,0.4,0.41,0.43,0.52,0.36,0.53,0.69,0.31,0.24,0.41,0.3,0.33,0.27,37.3
109,209.7,189.5,270.4,297.0,291.8,316.3,1009.741935,1010.604444,1011.724731,1011.096774,1010.988889,1009.23871,26.515484,25.973333,26.135484,26.606452,27.327333,27.64,83.774194,81.05,78.459677,72.346774,70.366667,71.927419,23.86,22.91,22.16,21.71,21.7,22.07,27.85,27.73,27.3,27.16,27.32,27.41,27.17,26.61,25.82,25.51,25.73,25.86,28.86,29.03,29.1,29.21,29.4,29.45,0.37,0.33,0.3,0.3,0.4,0.49,0.43,0.52,0.36,0.53,0.69,0.74,0.24,0.41,0.3,0.33,0.27,0.23,329.0
110,189.5,270.4,297.0,291.8,316.3,290.2,1010.604444,1011.724731,1011.096774,1010.988889,1009.23871,1008.347778,25.973333,26.135484,26.606452,27.327333,27.64,27.82,81.05,78.459677,72.346774,70.366667,71.927419,71.758333,22.91,22.16,21.71,21.7,22.07,22.45,27.73,27.3,27.16,27.32,27.41,27.69,26.61,25.82,25.51,25.73,25.86,26.1,29.03,29.1,29.21,29.4,29.45,29.62,0.33,0.3,0.3,0.4,0.49,0.45,0.52,0.36,0.53,0.69,0.74,0.71,0.41,0.3,0.33,0.27,0.23,0.08,340.5
111,270.4,297.0,291.8,316.3,290.2,283.3,1011.724731,1011.096774,1010.988889,1009.23871,1008.347778,1009.397849,26.135484,26.606452,27.327333,27.64,27.82,28.035484,78.459677,72.346774,70.366667,71.927419,71.758333,73.895161,22.16,21.71,21.7,22.07,22.45,23.52,27.3,27.16,27.32,27.41,27.69,27.74,25.82,25.51,25.73,25.86,26.1,26.37,29.1,29.21,29.4,29.45,29.62,29.46,0.3,0.3,0.4,0.49,0.45,0.42,0.36,0.53,0.69,0.74,0.71,0.47,0.3,0.33,0.27,0.23,0.08,0.32,359.4
112,297.0,291.8,316.3,290.2,283.3,253.7,1011.096774,1010.988889,1009.23871,1008.347778,1009.397849,1008.815054,26.606452,27.327333,27.64,27.82,28.035484,28.268387,72.346774,70.366667,71.927419,71.758333,73.895161,75.274194,21.71,21.7,22.07,22.45,23.52,25.23,27.16,27.32,27.41,27.69,27.74,27.24,25.51,25.73,25.86,26.1,26.37,26.53,29.21,29.4,29.45,29.62,29.46,28.97,0.3,0.4,0.49,0.45,0.42,0.4,0.53,0.69,0.74,0.71,0.47,0.46,0.33,0.27,0.23,0.08,0.32,0.24,179.5
113,291.8,316.3,290.2,283.3,253.7,134.6,1010.988889,1009.23871,1008.347778,1009.397849,1008.815054,1008.892857,27.327333,27.64,27.82,28.035484,28.268387,27.134286,70.366667,71.927419,71.758333,73.895161,75.274194,81.098214,21.7,22.07,22.45,23.52,25.23,26.21,27.32,27.41,27.69,27.74,27.24,26.88,25.73,25.86,26.1,26.37,26.53,26.49,29.4,29.45,29.62,29.46,28.97,28.66,0.4,0.49,0.45,0.42,0.4,0.42,0.69,0.74,0.71,0.47,0.46,0.56,0.27,0.23,0.08,0.32,0.24,0.21,67.9
114,316.3,290.2,283.3,253.7,134.6,167.0,1009.23871,1008.347778,1009.397849,1008.815054,1008.892857,1008.210753,27.64,27.82,28.035484,28.268387,27.134286,26.985161,71.927419,71.758333,73.895161,75.274194,81.098214,81.862903,22.07,22.45,23.52,25.23,26.21,25.84,27.41,27.69,27.74,27.24,26.88,27.1,25.86,26.1,26.37,26.53,26.49,26.8,29.45,29.62,29.46,28.97,28.66,28.66,0.49,0.45,0.42,0.4,0.42,0.44,0.74,0.71,0.47,0.46,0.56,0.33,0.23,0.08,0.32,0.24,0.21,0.04,56.7
115,290.2,283.3,253.7,134.6,167.0,155.6,1008.347778,1009.397849,1008.815054,1008.892857,1008.210753,1008.756667,27.82,28.035484,28.268387,27.134286,26.985161,26.996667,71.758333,73.895161,75.274194,81.098214,81.862903,83.008333,22.45,23.52,25.23,26.21,25.84,24.31,27.69,27.74,27.24,26.88,27.1,27.5,26.1,26.37,26.53,26.49,26.8,26.95,29.62,29.46,28.97,28.66,28.66,28.73,0.45,0.42,0.4,0.42,0.44,0.31,0.71,0.47,0.46,0.56,0.33,0.4,0.08,0.32,0.24,0.21,0.04,0.24,0.8
116,283.3,253.7,134.6,167.0,155.6,240.8,1009.397849,1008.815054,1008.892857,1008.210753,1008.756667,1009.133333,28.035484,28.268387,27.134286,26.985161,26.996667,27.03871,73.895161,75.274194,81.098214,81.862903,83.008333,80.08871,23.52,25.23,26.21,25.84,24.31,22.63,27.74,27.24,26.88,27.1,27.5,27.46,26.37,26.53,26.49,26.8,26.95,26.37,29.46,28.97,28.66,28.66,28.73,28.84,0.42,0.4,0.42,0.44,0.31,0.19,0.47,0.46,0.56,0.33,0.4,0.21,0.32,0.24,0.21,0.04,0.24,0.28,2.9
117,253.7,134.6,167.0,155.6,240.8,261.4,1008.815054,1008.892857,1008.210753,1008.756667,1009.133333,1010.86,28.268387,27.134286,26.985161,26.996667,27.03871,26.382667,75.274194,81.098214,81.862903,83.008333,80.08871,77.091667,25.23,26.21,25.84,24.31,22.63,21.52,27.24,26.88,27.1,27.5,27.46,27.37,26.53,26.49,26.8,26.95,26.37,25.9,28.97,28.66,28.66,28.73,28.84,28.9,0.4,0.42,0.44,0.31,0.19,0.04,0.46,0.56,0.33,0.4,0.21,0.16,0.24,0.21,0.04,0.24,0.28,0.43,0.9
118,134.6,167.0,155.6,240.8,261.4,285.8,1008.892857,1008.210753,1008.756667,1009.133333,1010.86,1011.284946,27.134286,26.985161,26.996667,27.03871,26.382667,26.517419,81.098214,81.862903,83.008333,80.08871,77.091667,78.193548,26.21,25.84,24.31,22.63,21.52,20.98,26.88,27.1,27.5,27.46,27.37,26.71,26.49,26.8,26.95,26.37,25.9,24.85,28.66,28.66,28.73,28.84,28.9,28.68,0.42,0.44,0.31,0.19,0.04,-0.02,0.56,0.33,0.4,0.21,0.16,0.09,0.21,0.04,0.24,0.28,0.43,0.23,3.9
119,167.0,155.6,240.8,261.4,285.8,307.0,1008.210753,1008.756667,1009.133333,1010.86,1011.284946,1010.902151,26.985161,26.996667,27.03871,26.382667,26.517419,26.505806,81.862903,83.008333,80.08871,77.091667,78.193548,71.306452,25.84,24.31,22.63,21.52,20.98,19.81,27.1,27.5,27.46,27.37,26.71,26.14,26.8,26.95,26.37,25.9,24.85,23.94,28.66,28.73,28.84,28.9,28.68,28.48,0.44,0.31,0.19,0.04,-0.02,-0.06,0.33,0.4,0.21,0.16,0.09,0.01,0.04,0.24,0.28,0.43,0.23,0.15,76.2
120,155.6,240.8,261.4,285.8,307.0,295.8,1008.756667,1009.133333,1010.86,1011.284946,1010.902151,1011.234444,26.996667,27.03871,26.382667,26.517419,26.505806,26.888667,83.008333,80.08871,77.091667,78.193548,71.306452,69.7,24.31,22.63,21.52,20.98,19.81,19.75,27.5,27.46,27.37,26.71,26.14,25.61,26.95,26.37,25.9,24.85,23.94,23.63,28.73,28.84,28.9,28.68,28.48,28.11,0.31,0.19,0.04,-0.02,-0.06,-0.05,0.4,0.21,0.16,0.09,0.01,0.11,0.24,0.28,0.43,0.23,0.15,0.27,278.4
121,240.8,261.4,285.8,307.0,295.8,311.3,1009.133333,1010.86,1011.284946,1010.902151,1011.234444,1009.431183,27.03871,26.382667,26.517419,26.505806,26.888667,27.200645,80.08871,77.091667,78.193548,71.306452,69.7,71.056452,22.63,21.52,20.98,19.81,19.75,19.5,27.46,27.37,26.71,26.14,25.61,25.32,26.37,25.9,24.85,23.94,23.63,23.55,28.84,28.9,28.68,28.48,28.11,27.91,0.19,0.04,-0.02,-0.06,-0.05,-0.02,0.21,0.16,0.09,0.01,0.11,0.24,0.28,0.43,0.23,0.15,0.27,0.11,62.7
122,261.4,285.8,307.0,295.8,311.3,307.3,1010.86,1011.284946,1010.902151,1011.234444,1009.431183,1008.161111,26.382667,26.517419,26.505806,26.888667,27.200645,27698.0,77.091667,78.193548,71.306452,69.7,71.056452,72.141667,21.52,20.98,19.81,19.75,19.5,19.92,27.37,26.71,26.14,25.61,25.32,25.17,25.9,24.85,23.94,23.63,23.55,23.48,28.9,28.68,28.48,28.11,27.91,27.61,0.04,-0.02,-0.06,-0.05,-0.02,-0.01,0.16,0.09,0.01,0.11,0.24,0.24,0.43,0.23,0.15,0.27,0.11,0.1,316.4
123,285.8,307.0,295.8,311.3,307.3,241.8,1011.284946,1010.902151,1011.234444,1009.431183,1008.161111,1008.03871,26.517419,26.505806,26.888667,27.200645,27698.0,27.572903,78.193548,71.306452,69.7,71.056452,72.141667,75.564516,20.98,19.81,19.75,19.5,19.92,21.15,26.71,26.14,25.61,25.32,25.17,25.01,24.85,23.94,23.63,23.55,23.48,23.57,28.68,28.48,28.11,27.91,27.61,27.42,-0.02,-0.06,-0.05,-0.02,-0.01,0.01,0.09,0.01,0.11,0.24,0.24,0.09,0.23,0.15,0.27,0.11,0.1,0.2,483.2
124,307.0,295.8,311.3,307.3,241.8,188.3,1010.902151,1011.234444,1009.431183,1008.161111,1008.03871,1007.766667,26.505806,26.888667,27.200645,27698.0,27.572903,27.070968,71.306452,69.7,71.056452,72.141667,75.564516,80.266129,19.81,19.75,19.5,19.92,21.15,24.08,26.14,25.61,25.32,25.17,25.01,24.86,23.94,23.63,23.55,23.48,23.57,24.19,28.48,28.11,27.91,27.61,27.42,26.87,-0.06,-0.05,-0.02,-0.01,0.01,0.03,0.01,0.11,0.24,0.24,0.09,0.14,0.15,0.27,0.11,0.1,0.2,0.19,288.6
125,295.8,311.3,307.3,241.8,188.3,244.0,1011.234444,1009.431183,1008.161111,1008.03871,1007.766667,1008.6,26.888667,27.200645,27698.0,27.572903,27.070968,27.603448,69.7,71.056452,72.141667,75.564516,80.266129,76.336207,19.75,19.5,19.92,21.15,24.08,26.32,25.61,25.32,25.17,25.01,24.86,25.08,23.63,23.55,23.48,23.57,24.19,25.16,28.11,27.91,27.61,27.42,26.87,26.62,-0.05,-0.02,-0.01,0.01,0.03,0.08,0.11,0.24,0.24,0.09,0.14,0.18,0.27,0.11,0.1,0.2,0.19,0.36,94.7
126,311.3,307.3,241.8,188.3,244.0,135.1,1009.431183,1008.161111,1008.03871,1007.766667,1008.6,1007.92043,27.200645,27698.0,27.572903,27.070968,27.603448,26.465161,71.056452,72.141667,75.564516,80.266129,76.336207,83.427419,19.5,19.92,21.15,24.08,26.32,26.88,25.32,25.17,25.01,24.86,25.08,26.07,23.55,23.48,23.57,24.19,25.16,26.45,27.91,27.61,27.42,26.87,26.62,26.97,-0.02,-0.01,0.01,0.03,0.08,0.11,0.24,0.24,0.09,0.14,0.18,0.27,0.11,0.1,0.2,0.19,0.36,0.6,10.5
127,307.3,241.8,188.3,244.0,135.1,117.6,1008.161111,1008.03871,1007.766667,1008.6,1007.92043,1007.455556,27698.0,27.572903,27.070968,27.603448,26.465161,26.118667,72.141667,75.564516,80.266129,76.336207,83.427419,87.316667,19.92,21.15,24.08,26.32,26.88,25.94,25.17,25.01,24.86,25.08,26.07,26.83,23.48,23.57,24.19,25.16,26.45,27.12,27.61,27.42,26.87,26.62,26.97,27.46,-0.01,0.01,0.03,0.08,0.11,0.1,0.24,0.09,0.14,0.18,0.27,0.09,0.1,0.2,0.19,0.36,0.6,0.64,54.9
128,241.8,188.3,244.0,135.1,117.6,182.0,1008.03871,1007.766667,1008.6,1007.92043,1007.455556,1008.862366,27.572903,27.070968,27.603448,26.465161,26.118667,26.335484,75.564516,80.266129,76.336207,83.427419,87.316667,83.653226,21.15,24.08,26.32,26.88,25.94,24.95,25.01,24.86,25.08,26.07,26.83,27.09,23.57,24.19,25.16,26.45,27.12,27.0,27.42,26.87,26.62,26.97,27.46,27.81,0.01,0.03,0.08,0.11,0.1,0.09,0.09,0.14,0.18,0.27,0.09,0.28,0.2,0.19,0.36,0.6,0.64,0.82,0.0
129,188.3,244.0,135.1,117.6,182.0,206.0,1007.766667,1008.6,1007.92043,1007.455556,1008.862366,1010.212222,27.070968,27.603448,26.465161,26.118667,26.335484,25922.0,80.266129,76.336207,83.427419,87.316667,83.653226,81.166667,24.08,26.32,26.88,25.94,24.95,23.68,24.86,25.08,26.07,26.83,27.09,27.04,24.19,25.16,26.45,27.12,27.0,26.46,26.87,26.62,26.97,27.46,27.81,27.96,0.03,0.08,0.11,0.1,0.09,0.09,0.14,0.18,0.27,0.09,0.28,0.39,0.19,0.36,0.6,0.64,0.82,0.7,2.0
130,244.0,135.1,117.6,182.0,206.0,240.9,1008.6,1007.92043,1007.455556,1008.862366,1010.212222,1011.384946,27.603448,26.465161,26.118667,26.335484,25922.0,26.093548,76.336207,83.427419,87.316667,83.653226,81.166667,75.354839,26.32,26.88,25.94,24.95,23.68,22.95,25.08,26.07,26.83,27.09,27.04,26.99,25.16,26.45,27.12,27.0,26.46,26.08,26.62,26.97,27.46,27.81,27.96,28.07,0.08,0.11,0.1,0.09,0.09,0.11,0.18,0.27,0.09,0.28,0.39,0.45,0.36,0.6,0.64,0.82,0.7,0.66,2.9
131,135.1,117.6,182.0,206.0,240.9,287.2,1007.92043,1007.455556,1008.862366,1010.212222,1011.384946,1010.019355,26.465161,26.118667,26.335484,25922.0,26.093548,26.354194,83.427419,87.316667,83.653226,81.166667,75.354839,74.556452,26.88,25.94,24.95,23.68,22.95,22.4,26.07,26.83,27.09,27.04,26.99,26.72,26.45,27.12,27.0,26.46,26.08,25.62,26.97,27.46,27.81,27.96,28.07,28.04,0.11,0.1,0.09,0.09,0.11,0.2,0.27,0.09,0.28,0.39,0.45,0.45,0.6,0.64,0.82,0.7,0.66,0.51,8.0
132,117.6,182.0,206.0,240.9,287.2,292.4,1007.455556,1008.862366,1010.212222,1011.384946,1010.019355,1010.446667,26.118667,26.335484,25922.0,26.093548,26.354194,27.114667,87.316667,83.653226,81.166667,75.354839,74.556452,70425.0,25.94,24.95,23.68,22.95,22.4,21.75,26.83,27.09,27.04,26.99,26.72,26.47,27.12,27.0,26.46,26.08,25.62,25.2,27.46,27.81,27.96,28.07,28.04,28.08,0.1,0.09,0.09,0.11,0.2,0.26,0.09,0.28,0.39,0.45,0.45,0.57,0.64,0.82,0.7,0.66,0.51,0.28,162.0
133,182.0,206.0,240.9,287.2,292.4,307.4,1008.862366,1010.212222,1011.384946,1010.019355,1010.446667,1009.721505,26.335484,25922.0,26.093548,26.354194,27.114667,27.583226,83.653226,81.166667,75.354839,74.556452,70425.0,70.564516,24.95,23.68,22.95,22.4,21.75,21.37,27.09,27.04,26.99,26.72,26.47,26.37,27.0,26.46,26.08,25.62,25.2,25.07,27.81,27.96,28.07,28.04,28.08,28.17,0.09,0.09,0.11,0.2,0.26,0.23,0.28,0.39,0.45,0.45,0.57,0.43,0.82,0.7,0.66,0.51,0.28,0.27,307.0
134,206.0,240.9,287.2,292.4,307.4,292.9,1010.212222,1011.384946,1010.019355,1010.446667,1009.721505,1008.255556,25922.0,26.093548,26.354194,27.114667,27.583226,27.784667,81.166667,75.354839,74.556452,70425.0,70.564516,72.658333,23.68,22.95,22.4,21.75,21.37,21.38,27.04,26.99,26.72,26.47,26.37,26.25,26.46,26.08,25.62,25.2,25.07,24.98,27.96,28.07,28.04,28.08,28.17,27.98,0.09,0.11,0.2,0.26,0.23,0.14,0.39,0.45,0.45,0.57,0.43,0.27,0.7,0.66,0.51,0.28,0.27,0.31,479.5
135,240.9,287.2,292.4,307.4,292.9,293.9,1011.384946,1010.019355,1010.446667,1009.721505,1008.255556,1007.645161,26.093548,26.354194,27.114667,27.583226,27.784667,27.910323,75.354839,74.556452,70425.0,70.564516,72.658333,73.145161,22.95,22.4,21.75,21.37,21.38,22.36,26.99,26.72,26.47,26.37,26.25,25.74,26.08,25.62,25.2,25.07,24.98,24.66,28.07,28.04,28.08,28.17,27.98,27.73,0.11,0.2,0.26,0.23,0.14,0.05,0.45,0.45,0.57,0.43,0.27,0.26,0.66,0.51,0.28,0.27,0.31,0.41,561.0
136,287.2,292.4,307.4,292.9,293.9,222.6,1010.019355,1010.446667,1009.721505,1008.255556,1007.645161,1008.683871,26.354194,27.114667,27.583226,27.784667,27.910323,27.314839,74.556452,70425.0,70.564516,72.658333,73.145161,77.604839,22.4,21.75,21.37,21.38,22.36,24.4,26.72,26.47,26.37,26.25,25.74,25.66,25.62,25.2,25.07,24.98,24.66,25.15,28.04,28.08,28.17,27.98,27.73,27.37,0.2,0.26,0.23,0.14,0.05,-0.12,0.45,0.57,0.43,0.27,0.26,0.07,0.51,0.28,0.27,0.31,0.41,0.45,305.8
137,292.4,307.4,292.9,293.9,222.6,163.3,1010.446667,1009.721505,1008.255556,1007.645161,1008.683871,1007.939286,27.114667,27.583226,27.784667,27.910323,27.314839,26.754286,70425.0,70.564516,72.658333,73.145161,77.604839,82.339286,21.75,21.37,21.38,22.36,24.4,25.42,26.47,26.37,26.25,25.74,25.66,25.96,25.2,25.07,24.98,24.66,25.15,25.84,28.08,28.17,27.98,27.73,27.37,27.35,0.26,0.23,0.14,0.05,-0.12,-0.29,0.57,0.43,0.27,0.26,0.07,-0.37,0.28,0.27,0.31,0.41,0.45,0.35,252.6
138,307.4,292.9,293.9,222.6,163.3,112.7,1009.721505,1008.255556,1007.645161,1008.683871,1007.939286,1007.948387,27.583226,27.784667,27.910323,27.314839,26.754286,26.228387,70.564516,72.658333,73.145161,77.604839,82.339286,86.612903,21.37,21.38,22.36,24.4,25.42,25.67,26.37,26.25,25.74,25.66,25.96,26.59,25.07,24.98,24.66,25.15,25.84,26.49,28.17,27.98,27.73,27.37,27.35,27.74,0.23,0.14,0.05,-0.12,-0.29,-0.4,0.43,0.27,0.26,0.07,-0.37,-0.34,0.27,0.31,0.41,0.45,0.35,0.54,208.8
139,292.9,293.9,222.6,163.3,112.7,116.5,1008.255556,1007.645161,1008.683871,1007.939286,1007.948387,1008.99,27.784667,27.910323,27.314839,26.754286,26.228387,26186.0,72.658333,73.145161,77.604839,82.339286,86.612903,87.158333,21.38,22.36,24.4,25.42,25.67,25.94,26.25,25.74,25.66,25.96,26.59,27.47,24.98,24.66,25.15,25.84,26.49,27.41,27.98,27.73,27.37,27.35,27.74,28.37,0.14,0.05,-0.12,-0.29,-0.4,-0.38,0.27,0.26,0.07,-0.37,-0.34,-0.31,0.31,0.41,0.45,0.35,0.54,0.52,41.3
140,293.9,222.6,163.3,112.7,116.5,111.9,1007.645161,1008.683871,1007.939286,1007.948387,1008.99,1009.215054,27.910323,27.314839,26.754286,26.228387,26186.0,25.910323,73.145161,77.604839,82.339286,86.612903,87.158333,88.58871,22.36,24.4,25.42,25.67,25.94,24.76,25.74,25.66,25.96,26.59,27.47,27.99,24.66,25.15,25.84,26.49,27.41,27.54,27.73,27.37,27.35,27.74,28.37,28.9,0.05,-0.12,-0.29,-0.4,-0.38,-0.25,0.26,0.07,-0.37,-0.34,-0.31,-0.23,0.41,0.45,0.35,0.54,0.52,0.79,3.4
141,222.6,163.3,112.7,116.5,111.9,184.2,1008.683871,1007.939286,1007.948387,1008.99,1009.215054,1010.471111,27.314839,26.754286,26.228387,26186.0,25.910323,25.999333,77.604839,82.339286,86.612903,87.158333,88.58871,84.091667,24.4,25.42,25.67,25.94,24.76,23.78,25.66,25.96,26.59,27.47,27.99,28.04,25.15,25.84,26.49,27.41,27.54,27.18,27.37,27.35,27.74,28.37,28.9,29.14,-0.12,-0.29,-0.4,-0.38,-0.25,-0.01,0.07,-0.37,-0.34,-0.31,-0.23,0.05,0.45,0.35,0.54,0.52,0.79,0.59,7.5
142,163.3,112.7,116.5,111.9,184.2,235.2,1007.939286,1007.948387,1008.99,1009.215054,1010.471111,1011.268817,26.754286,26.228387,26186.0,25.910323,25.999333,25.728387,82.339286,86.612903,87.158333,88.58871,84.091667,81.032258,25.42,25.67,25.94,24.76,23.78,22.71,25.96,26.59,27.47,27.99,28.04,27.78,25.84,26.49,27.41,27.54,27.18,26.49,27.35,27.74,28.37,28.9,29.14,29.19,-0.29,-0.4,-0.38,-0.25,-0.01,0.18,-0.37,-0.34,-0.31,-0.23,0.05,0.45,0.35,0.54,0.52,0.79,0.59,0.39,7.0
143,112.7,116.5,111.9,184.2,235.2,270.6,1007.948387,1008.99,1009.215054,1010.471111,1011.268817,1010.915054,26.228387,26186.0,25.910323,25.999333,25.728387,26.285806,86.612903,87.158333,88.58871,84.091667,81.032258,76.637097,25.67,25.94,24.76,23.78,22.71,21.85,26.59,27.47,27.99,28.04,27.78,27.42,26.49,27.41,27.54,27.18,26.49,25.92,27.74,28.37,28.9,29.14,29.19,29.23,-0.4,-0.38,-0.25,-0.01,0.18,0.26,-0.34,-0.31,-0.23,0.05,0.45,0.41,0.54,0.52,0.79,0.59,0.39,0.24,23.6
144,116.5,111.9,184.2,235.2,270.6,280.7,1008.99,1009.215054,1010.471111,1011.268817,1010.915054,1011.358889,26186.0,25.910323,25.999333,25.728387,26.285806,27.032667,87.158333,88.58871,84.091667,81.032258,76.637097,72.691667,25.94,24.76,23.78,22.71,21.85,21.23,27.47,27.99,28.04,27.78,27.42,27.4,27.41,27.54,27.18,26.49,25.92,25.69,28.37,28.9,29.14,29.19,29.23,29.33,-0.38,-0.25,-0.01,0.18,0.26,0.27,-0.31,-0.23,0.05,0.45,0.41,0.35,0.52,0.79,0.59,0.39,0.24,0.19,70.9
145,111.9,184.2,235.2,270.6,280.7,298.4,1009.215054,1010.471111,1011.268817,1010.915054,1011.358889,1009.362366,25.910323,25.999333,25.728387,26.285806,27.032667,27.100645,88.58871,84.091667,81.032258,76.637097,72.691667,71.290323,24.76,23.78,22.71,21.85,21.23,21.34,27.99,28.04,27.78,27.42,27.4,27.6,27.54,27.18,26.49,25.92,25.69,25.76,28.9,29.14,29.19,29.23,29.33,29.68,-0.25,-0.01,0.18,0.26,0.27,0.27,-0.23,0.05,0.45,0.41,0.35,0.63,0.79,0.59,0.39,0.24,0.19,0.45,76.2
146,184.2,235.2,270.6,280.7,298.4,301.2,1010.471111,1011.268817,1010.915054,1011.358889,1009.362366,1008.595556,25.999333,25.728387,26.285806,27.032667,27.100645,27.689333,84.091667,81.032258,76.637097,72.691667,71.290323,71.233333,23.78,22.71,21.85,21.23,21.34,21.99,28.04,27.78,27.42,27.4,27.6,28.16,27.18,26.49,25.92,25.69,25.76,26.18,29.14,29.19,29.23,29.33,29.68,29.82,-0.01,0.18,0.26,0.27,0.27,0.29,0.05,0.45,0.41,0.35,0.63,0.51,0.59,0.39,0.24,0.19,0.45,0.3,234.7
147,235.2,270.6,280.7,298.4,301.2,248.4,1011.268817,1010.915054,1011.358889,1009.362366,1008.595556,1008.65914,25.728387,26.285806,27.032667,27.100645,27.689333,27.763871,81.032258,76.637097,72.691667,71.290323,71.233333,76.193548,22.71,21.85,21.23,21.34,21.99,23.41,27.78,27.42,27.4,27.6,28.16,28.34,26.49,25.92,25.69,25.76,26.18,26.55,29.19,29.23,29.33,29.68,29.82,29.72,0.18,0.26,0.27,0.27,0.29,0.39,0.45,0.41,0.35,0.63,0.51,0.54,0.39,0.24,0.19,0.45,0.3,0.7,310.0
148,270.6,280.7,298.4,301.2,248.4,239.7,1010.915054,1011.358889,1009.362366,1008.595556,1008.65914,1008.533333,26.285806,27.032667,27.100645,27.689333,27.763871,27.830968,76.637097,72.691667,71.290323,71.233333,76.193548,76.870968,21.85,21.23,21.34,21.99,23.41,24.85,27.42,27.4,27.6,28.16,28.34,28.07,25.92,25.69,25.76,26.18,26.55,26.73,29.23,29.33,29.68,29.82,29.72,29.44,0.26,0.27,0.27,0.29,0.39,0.57,0.41,0.35,0.63,0.51,0.54,0.8,0.24,0.19,0.45,0.3,0.7,0.79,176.7
149,280.7,298.4,301.2,248.4,239.7,232.9,1011.358889,1009.362366,1008.595556,1008.65914,1008.533333,1007.796429,27.032667,27.100645,27.689333,27.763871,27.830968,28.438571,72.691667,71.290323,71.233333,76.193548,76.870968,77.294643,21.23,21.34,21.99,23.41,24.85,26.22,27.4,27.6,28.16,28.34,28.07,28.01,25.69,25.76,26.18,26.55,26.73,27.28,29.33,29.68,29.82,29.72,29.44,29.08,0.27,0.27,0.29,0.39,0.57,0.83,0.35,0.63,0.51,0.54,0.8,1.07,0.19,0.45,0.3,0.7,0.79,0.68,90.1
150,298.4,301.2,248.4,239.7,232.9,218.4,1009.362366,1008.595556,1008.65914,1008.533333,1007.796429,1008.211828,27.100645,27.689333,27.763871,27.830968,28.438571,28.245161,71.290323,71.233333,76.193548,76.870968,77.294643,78.008065,21.34,21.99,23.41,24.85,26.22,26.56,27.6,28.16,28.34,28.07,28.01,28.18,25.76,26.18,26.55,26.73,27.28,27.76,29.68,29.82,29.72,29.44,29.08,29.07,0.27,0.29,0.39,0.57,0.83,1.04,0.63,0.51,0.54,0.8,1.07,1.27,0.45,0.3,0.7,0.79,0.68,0.89,54.2
151,301.2,248.4,239.7,232.9,218.4,190.1,1008.595556,1008.65914,1008.533333,1007.796429,1008.211828,1007.77,27.689333,27.763871,27.830968,28.438571,28.245161,27804.0,71.233333,76.193548,76.870968,77.294643,78.008065,82.166667,21.99,23.41,24.85,26.22,26.56,25.43,28.16,28.34,28.07,28.01,28.18,28.2,26.18,26.55,26.73,27.28,27.76,27.85,29.82,29.72,29.44,29.08,29.07,29.13,0.29,0.39,0.57,0.83,1.04,1.13,0.51,0.54,0.8,1.07,1.27,1.4,0.3,0.7,0.79,0.68,0.89,0.68,3.1
152,248.4,239.7,232.9,218.4,190.1,237.2,1008.65914,1008.533333,1007.796429,1008.211828,1007.77,1008.544086,27.763871,27.830968,28.438571,28.245161,27804.0,27.592258,76.193548,76.870968,77.294643,78.008065,82.166667,80.604839,23.41,24.85,26.22,26.56,25.43,24.65,28.34,28.07,28.01,28.18,28.2,27.71,26.55,26.73,27.28,27.76,27.85,27.08,29.72,29.44,29.08,29.07,29.13,29.01,0.39,0.57,0.83,1.04,1.13,1.02,0.54,0.8,1.07,1.27,1.4,1.35,0.7,0.79,0.68,0.89,0.68,0.62,0.0
153,239.7,232.9,218.4,190.1,237.2,258.2,1008.533333,1007.796429,1008.211828,1007.77,1008.544086,1010.471111,27.830968,28.438571,28.245161,27804.0,27.592258,27.128667,76.870968,77.294643,78.008065,82.166667,80.604839,76.2,24.85,26.22,26.56,25.43,24.65,23.14,28.07,28.01,28.18,28.2,27.71,27.04,26.73,27.28,27.76,27.85,27.08,25.91,29.44,29.08,29.07,29.13,29.01,28.66,0.57,0.83,1.04,1.13,1.02,0.85,0.8,1.07,1.27,1.4,1.35,1.11,0.79,0.68,0.89,0.68,0.62,0.85,3.8
154,232.9,218.4,190.1,237.2,258.2,246.6,1007.796429,1008.211828,1007.77,1008.544086,1010.471111,1010.391398,28.438571,28.245161,27804.0,27.592258,27.128667,26.857419,77.294643,78.008065,82.166667,80.604839,76.2,74.08871,26.22,26.56,25.43,24.65,23.14,20.93,28.01,28.18,28.2,27.71,27.04,26.22,27.28,27.76,27.85,27.08,25.91,24.79,29.08,29.07,29.13,29.01,28.66,28.1,0.83,1.04,1.13,1.02,0.85,0.69,1.07,1.27,1.4,1.35,1.11,1.01,0.68,0.89,0.68,0.62,0.85,0.6,13.2
155,218.4,190.1,237.2,258.2,246.6,301.9,1008.211828,1007.77,1008.544086,1010.471111,1010.391398,1010.926882,28.245161,27804.0,27.592258,27.128667,26.857419,27.019355,78.008065,82.166667,80.604839,76.2,74.08871,69.322581,26.56,25.43,24.65,23.14,20.93,19.7,28.18,28.2,27.71,27.04,26.22,25.47,27.76,27.85,27.08,25.91,24.79,23.97,29.07,29.13,29.01,28.66,28.1,27.54,1.04,1.13,1.02,0.85,0.69,0.6,1.27,1.4,1.35,1.11,1.01,0.97,0.89,0.68,0.62,0.85,0.6,0.48,76.4
156,190.1,237.2,258.2,246.6,301.9,297.7,1007.77,1008.544086,1010.471111,1010.391398,1010.926882,1009.941111,27804.0,27.592258,27.128667,26.857419,27.019355,27.130667,82.166667,80.604839,76.2,74.08871,69.322581,68.183333,25.43,24.65,23.14,20.93,19.7,19.5,28.2,27.71,27.04,26.22,25.47,25.12,27.85,27.08,25.91,24.79,23.97,23.61,29.13,29.01,28.66,28.1,27.54,27.32,1.13,1.02,0.85,0.69,0.6,0.54,1.4,1.35,1.11,1.01,0.97,0.75,0.68,0.62,0.85,0.6,0.48,0.23,668.3
157,237.2,258.2,246.6,301.9,297.7,295.4,1008.544086,1010.471111,1010.391398,1010.926882,1009.941111,1009.070968,27.592258,27.128667,26.857419,27.019355,27.130667,27.777419,80.604839,76.2,74.08871,69.322581,68.183333,71.814516,24.65,23.14,20.93,19.7,19.5,19.73,27.71,27.04,26.22,25.47,25.12,25.03,27.08,25.91,24.79,23.97,23.61,23.5,29.01,28.66,28.1,27.54,27.32,27.15,1.02,0.85,0.69,0.6,0.54,0.51,1.35,1.11,1.01,0.97,0.75,0.77,0.62,0.85,0.6,0.48,0.23,0.43,308.6
158,258.2,246.6,301.9,297.7,295.4,298.4,1010.471111,1010.391398,1010.926882,1009.941111,1009.070968,1007.615556,27.128667,26.857419,27.019355,27.130667,27.777419,28142.0,76.2,74.08871,69.322581,68.183333,71.814516,71.108333,23.14,20.93,19.7,19.5,19.73,20.34,27.04,26.22,25.47,25.12,25.03,25.06,25.91,24.79,23.97,23.61,23.5,23.59,28.66,28.1,27.54,27.32,27.15,27.11,0.85,0.69,0.6,0.54,0.51,0.61,1.11,1.01,0.97,0.75,0.77,0.7,0.85,0.6,0.48,0.23,0.43,0.4,375.6
159,246.6,301.9,297.7,295.4,298.4,243.7,1010.391398,1010.926882,1009.941111,1009.070968,1007.615556,1006.805376,26.857419,27.019355,27.130667,27.777419,28142.0,27.863871,74.08871,69.322581,68.183333,71.814516,71.108333,74.814516,20.93,19.7,19.5,19.73,20.34,21.91,26.22,25.47,25.12,25.03,25.06,25.0,24.79,23.97,23.61,23.5,23.59,23.73,28.1,27.54,27.32,27.15,27.11,27.09,0.69,0.6,0.54,0.51,0.61,0.79,1.01,0.97,0.75,0.77,0.7,0.96,0.6,0.48,0.23,0.43,0.4,0.41,387.3
160,301.9,297.7,295.4,298.4,243.7,160.2,1010.926882,1009.941111,1009.070968,1007.615556,1006.805376,1007.197849,27.019355,27.130667,27.777419,28142.0,27.863871,26.458065,69.322581,68.183333,71.814516,71.108333,74.814516,83.91129,19.7,19.5,19.73,20.34,21.91,24.08,25.47,25.12,25.03,25.06,25.0,25.0,23.97,23.61,23.5,23.59,23.73,24.4,27.54,27.32,27.15,27.11,27.09,26.92,0.6,0.54,0.51,0.61,0.79,0.81,0.97,0.75,0.77,0.7,0.96,0.97,0.48,0.23,0.43,0.4,0.41,0.45,160.0
161,297.7,295.4,298.4,243.7,160.2,171.1,1009.941111,1009.070968,1007.615556,1006.805376,1007.197849,1007.939286,27.130667,27.777419,28142.0,27.863871,26.458065,26.715714,68.183333,71.814516,71.108333,74.814516,83.91129,84.035714,19.5,19.73,20.34,21.91,24.08,25.94,25.12,25.03,25.06,25.0,25.0,25.64,23.61,23.5,23.59,23.73,24.4,25.63,27.32,27.15,27.11,27.09,26.92,27.15,0.54,0.51,0.61,0.79,0.81,0.64,0.75,0.77,0.7,0.96,0.97,0.53,0.23,0.43,0.4,0.41,0.45,0.59,141.4
162,295.4,298.4,243.7,160.2,171.1,207.4,1009.070968,1007.615556,1006.805376,1007.197849,1007.939286,1007.749462,27.777419,28142.0,27.863871,26.458065,26.715714,26.8,71.814516,71.108333,74.814516,83.91129,84.035714,83.024194,19.73,20.34,21.91,24.08,25.94,25.61,25.03,25.06,25.0,25.0,25.64,26.36,23.5,23.59,23.73,24.4,25.63,26.47,27.15,27.11,27.09,26.92,27.15,27.51,0.51,0.61,0.79,0.81,0.64,0.43,0.77,0.7,0.96,0.97,0.53,0.41,0.43,0.4,0.41,0.45,0.59,0.72,123.2
163,298.4,243.7,160.2,171.1,207.4,115.6,1007.615556,1006.805376,1007.197849,1007.939286,1007.749462,1008.21,28142.0,27.863871,26.458065,26.715714,26.8,26.113333,71.108333,74.814516,83.91129,84.035714,83.024194,87.066667,20.34,21.91,24.08,25.94,25.61,25.34,25.06,25.0,25.0,25.64,26.36,27.05,23.59,23.73,24.4,25.63,26.47,27.25,27.11,27.09,26.92,27.15,27.51,27.89,0.61,0.79,0.81,0.64,0.43,0.33,0.7,0.96,0.97,0.53,0.41,0.33,0.4,0.41,0.45,0.59,0.72,0.49,24.4
164,243.7,160.2,171.1,207.4,115.6,183.7,1006.805376,1007.197849,1007.939286,1007.749462,1008.21,1008.572043,27.863871,26.458065,26.715714,26.8,26.113333,26.670323,74.814516,83.91129,84.035714,83.024194,87.066667,83.403226,21.91,24.08,25.94,25.61,25.34,24.53,25.0,25.0,25.64,26.36,27.05,27.41,23.73,24.4,25.63,26.47,27.25,26.96,27.09,26.92,27.15,27.51,27.89,28.35,0.79,0.81,0.64,0.43,0.33,0.37,0.96,0.97,0.53,0.41,0.33,0.41,0.41,0.45,0.59,0.72,0.49,0.3,0.0
165,160.2,171.1,207.4,115.6,183.7,206.6,1007.197849,1007.939286,1007.749462,1008.21,1008.572043,1010.104444,26.458065,26.715714,26.8,26.113333,26.670323,26.34,83.91129,84.035714,83.024194,87.066667,83.403226,79.983333,24.08,25.94,25.61,25.34,24.53,23.42,25.0,25.64,26.36,27.05,27.41,27.35,24.4,25.63,26.47,27.25,26.96,26.5,26.92,27.15,27.51,27.89,28.35,28.46,0.81,0.64,0.43,0.33,0.37,0.34,0.97,0.53,0.41,0.33,0.41,0.59,0.45,0.59,0.72,0.49,0.3,0.2,32.8
166,171.1,207.4,115.6,183.7,206.6,214.2,1007.939286,1007.749462,1008.21,1008.572043,1010.104444,1010.325806,26.715714,26.8,26.113333,26.670323,26.34,26.026452,84.035714,83.024194,87.066667,83.403226,79.983333,78.741935,25.94,25.61,25.34,24.53,23.42,22.06,25.64,26.36,27.05,27.41,27.35,26.87,25.63,26.47,27.25,26.96,26.5,25.61,27.15,27.51,27.89,28.35,28.46,28.42,0.64,0.43,0.33,0.37,0.34,0.33,0.53,0.41,0.33,0.41,0.59,0.43,0.59,0.72,0.49,0.3,0.2,0.27,24.4
167,207.4,115.6,183.7,206.6,214.2,281.2,1007.749462,1008.21,1008.572043,1010.104444,1010.325806,1011.046237,26.8,26.113333,26.670323,26.34,26.026452,26.492258,83.024194,87.066667,83.403226,79.983333,78.741935,73.491935,25.61,25.34,24.53,23.42,22.06,20.79,26.36,27.05,27.41,27.35,26.87,26.21,26.47,27.25,26.96,26.5,25.61,24.73,27.51,27.89,28.35,28.46,28.42,28.16,0.43,0.33,0.37,0.34,0.33,0.23,0.41,0.33,0.41,0.59,0.43,0.49,0.72,0.49,0.3,0.2,0.27,0.2,14.9
168,115.6,183.7,206.6,214.2,281.2,294.2,1008.21,1008.572043,1010.104444,1010.325806,1011.046237,1011.12,26.113333,26.670323,26.34,26.026452,26.492258,26.828667,87.066667,83.403226,79.983333,78.741935,73.491935,71.308333,25.34,24.53,23.42,22.06,20.79,19.99,27.05,27.41,27.35,26.87,26.21,25.92,27.25,26.96,26.5,25.61,24.73,24.29,27.89,28.35,28.46,28.42,28.16,28.0,0.33,0.37,0.34,0.33,0.23,0.16,0.33,0.41,0.59,0.43,0.49,0.36,0.49,0.3,0.2,0.27,0.2,0.24,48.2
169,183.7,206.6,214.2,281.2,294.2,271.2,1008.572043,1010.104444,1010.325806,1011.046237,1011.12,1008.532258,26.670323,26.34,26.026452,26.492258,26.828667,27.252903,83.403226,79.983333,78.741935,73.491935,71.308333,74.733871,24.53,23.42,22.06,20.79,19.99,20.24,27.41,27.35,26.87,26.21,25.92,25.67,26.96,26.5,25.61,24.73,24.29,23.92,28.35,28.46,28.42,28.16,28.0,27.86,0.37,0.34,0.33,0.23,0.16,0.07,0.41,0.59,0.43,0.49,0.36,0.44,0.3,0.2,0.27,0.2,0.24,0.28,210.0
170,206.6,214.2,281.2,294.2,271.2,284.8,1010.104444,1010.325806,1011.046237,1011.12,1008.532258,1008.382222,26.34,26.026452,26.492258,26.828667,27.252903,27.4,79.983333,78.741935,73.491935,71.308333,74.733871,74375.0,23.42,22.06,20.79,19.99,20.24,21.09,27.35,26.87,26.21,25.92,25.67,25.52,26.5,25.61,24.73,24.29,23.92,23.98,28.46,28.42,28.16,28.0,27.86,27.8,0.34,0.33,0.23,0.16,0.07,-0.0,0.59,0.43,0.49,0.36,0.44,0.21,0.2,0.27,0.2,0.24,0.28,-0.05,302.4
171,214.2,281.2,294.2,271.2,284.8,304.4,1010.325806,1011.046237,1011.12,1008.532258,1008.382222,1008.578495,26.026452,26.492258,26.828667,27.252903,27.4,27.677419,78.741935,73.491935,71.308333,74.733871,74375.0,73.58871,22.06,20.79,19.99,20.24,21.09,22.13,26.87,26.21,25.92,25.67,25.52,25.54,25.61,24.73,24.29,23.92,23.98,24.31,28.42,28.16,28.0,27.86,27.8,27.53,0.33,0.23,0.16,0.07,-0.0,-0.05,0.43,0.49,0.36,0.44,0.21,0.23,0.27,0.2,0.24,0.28,-0.05,-0.48,152.1
172,281.2,294.2,271.2,284.8,304.4,268.8,1011.046237,1011.12,1008.532258,1008.382222,1008.578495,1008.680645,26.492258,26.828667,27.252903,27.4,27.677419,27.664516,73.491935,71.308333,74.733871,74375.0,73.58871,75.266129,20.79,19.99,20.24,21.09,22.13,24.38,26.21,25.92,25.67,25.52,25.54,25.67,24.73,24.29,23.92,23.98,24.31,25.09,28.16,28.0,27.86,27.8,27.53,27.3,0.23,0.16,0.07,-0.0,-0.05,-0.08,0.49,0.36,0.44,0.21,0.23,0.16,0.2,0.24,0.28,-0.05,-0.48,-0.32,143.0
173,294.2,271.2,284.8,304.4,268.8,193.0,1011.12,1008.532258,1008.382222,1008.578495,1008.680645,1008.170115,26.828667,27.252903,27.4,27.677419,27.664516,26.773103,71.308333,74.733871,74375.0,73.58871,75.266129,80.818966,19.99,20.24,21.09,22.13,24.38,26.46,25.92,25.67,25.52,25.54,25.67,26.08,24.29,23.92,23.98,24.31,25.09,26.22,28.0,27.86,27.8,27.53,27.3,27.29,0.16,0.07,-0.0,-0.05,-0.08,-0.15,0.36,0.44,0.21,0.23,0.16,-0.02,0.24,0.28,-0.05,-0.48,-0.32,-0.51,140.2
174,271.2,284.8,304.4,268.8,193.0,206.3,1008.532258,1008.382222,1008.578495,1008.680645,1008.170115,1008.796774,27.252903,27.4,27.677419,27.664516,26.773103,26.876774,74.733871,74375.0,73.58871,75.266129,80.818966,81.725806,20.24,21.09,22.13,24.38,26.46,26.65,25.67,25.52,25.54,25.67,26.08,26.67,23.92,23.98,24.31,25.09,26.22,27.02,27.86,27.8,27.53,27.3,27.29,27.56,0.07,-0.0,-0.05,-0.08,-0.15,-0.17,0.44,0.21,0.23,0.16,-0.02,-0.26,0.28,-0.05,-0.48,-0.32,-0.51,-0.08,6.3
175,284.8,304.4,268.8,193.0,206.3,207.2,1008.382222,1008.578495,1008.680645,1008.170115,1008.796774,1008.482222,27.4,27.677419,27.664516,26.773103,26.876774,27296.0,74375.0,73.58871,75.266129,80.818966,81.725806,81.3,21.09,22.13,24.38,26.46,26.65,26.44,25.52,25.54,25.67,26.08,26.67,27.32,23.98,24.31,25.09,26.22,27.02,27.56,27.8,27.53,27.3,27.29,27.56,28.03,-0.0,-0.05,-0.08,-0.15,-0.17,-0.1,0.21,0.23,0.16,-0.02,-0.26,-0.17,-0.05,-0.48,-0.32,-0.51,-0.08,-0.33,0.0
176,304.4,268.8,193.0,206.3,207.2,255.0,1008.578495,1008.680645,1008.170115,1008.796774,1008.482222,1009.831183,27.677419,27.664516,26.773103,26.876774,27296.0,27.169032,73.58871,75.266129,80.818966,81.725806,81.3,78.459677,22.13,24.38,26.46,26.65,26.44,25.29,25.54,25.67,26.08,26.67,27.32,27.61,24.31,25.09,26.22,27.02,27.56,27.34,27.53,27.3,27.29,27.56,28.03,28.4,-0.05,-0.08,-0.15,-0.17,-0.1,0.0,0.23,0.16,-0.02,-0.26,-0.17,0.09,-0.48,-0.32,-0.51,-0.08,-0.33,-0.04,2.1
177,268.8,193.0,206.3,207.2,255.0,240.4,1008.680645,1008.170115,1008.796774,1008.482222,1009.831183,1010.997778,27.664516,26.773103,26.876774,27296.0,27.169032,26698.0,75.266129,80.818966,81.725806,81.3,78.459677,79.241667,24.38,26.46,26.65,26.44,25.29,24.14,25.67,26.08,26.67,27.32,27.61,27.75,25.09,26.22,27.02,27.56,27.34,27.05,27.3,27.29,27.56,28.03,28.4,28.58,-0.08,-0.15,-0.17,-0.1,0.0,0.15,0.16,-0.02,-0.26,-0.17,0.09,0.31,-0.32,-0.51,-0.08,-0.33,-0.04,0.04,11.3
178,193.0,206.3,207.2,255.0,240.4,265.6,1008.170115,1008.796774,1008.482222,1009.831183,1010.997778,1010.975269,26.773103,26.876774,27296.0,27.169032,26698.0,26.672903,80.818966,81.725806,81.3,78.459677,79.241667,73.475806,26.46,26.65,26.44,25.29,24.14,22.36,26.08,26.67,27.32,27.61,27.75,27.54,26.22,27.02,27.56,27.34,27.05,26.37,27.29,27.56,28.03,28.4,28.58,28.64,-0.15,-0.17,-0.1,0.0,0.15,0.24,-0.02,-0.26,-0.17,0.09,0.31,0.3,-0.51,-0.08,-0.33,-0.04,0.04,-0.03,3.7
179,206.3,207.2,255.0,240.4,265.6,287.1,1008.796774,1008.482222,1009.831183,1010.997778,1010.975269,1011.763441,26.876774,27296.0,27.169032,26698.0,26.672903,26.756774,81.725806,81.3,78.459677,79.241667,73.475806,70.524194,26.65,26.44,25.29,24.14,22.36,21.07,26.67,27.32,27.61,27.75,27.54,27.32,27.02,27.56,27.34,27.05,26.37,25.64,27.56,28.03,28.4,28.58,28.64,28.86,-0.17,-0.1,0.0,0.15,0.24,0.4,-0.26,-0.17,0.09,0.31,0.3,0.52,-0.08,-0.33,-0.04,0.04,-0.03,-0.08,14.0
180,207.2,255.0,240.4,265.6,287.1,290.3,1008.482222,1009.831183,1010.997778,1010.975269,1011.763441,1011.902222,27296.0,27.169032,26698.0,26.672903,26.756774,26.959333,81.3,78.459677,79.241667,73.475806,70.524194,70875.0,26.44,25.29,24.14,22.36,21.07,20.79,27.32,27.61,27.75,27.54,27.32,27.1,27.56,27.34,27.05,26.37,25.64,25.24,28.03,28.4,28.58,28.64,28.86,28.97,-0.1,0.0,0.15,0.24,0.4,0.48,-0.17,0.09,0.31,0.3,0.52,0.72,-0.33,-0.04,0.04,-0.03,-0.08,0.02,46.7
181,255.0,240.4,265.6,287.1,290.3,301.0,1009.831183,1010.997778,1010.975269,1011.763441,1011.902222,1009.492473,27.169032,26698.0,26.672903,26.756774,26.959333,27.306452,78.459677,79.241667,73.475806,70.524194,70875.0,71.475806,25.29,24.14,22.36,21.07,20.79,20.65,27.61,27.75,27.54,27.32,27.1,26.98,27.34,27.05,26.37,25.64,25.24,25.0,28.4,28.58,28.64,28.86,28.97,29.07,0.0,0.15,0.24,0.4,0.48,0.52,0.09,0.31,0.3,0.52,0.72,0.78,-0.04,0.04,-0.03,-0.08,0.02,0.03,109.5
182,240.4,265.6,287.1,290.3,301.0,306.1,1010.997778,1010.975269,1011.763441,1011.902222,1009.492473,1008.52,26698.0,26.672903,26.756774,26.959333,27.306452,27706.0,79.241667,73.475806,70.524194,70875.0,71.475806,71.95,24.14,22.36,21.07,20.79,20.65,21.24,27.75,27.54,27.32,27.1,26.98,26.86,27.05,26.37,25.64,25.24,25.0,25.08,28.58,28.64,28.86,28.97,29.07,29.0,0.15,0.24,0.4,0.48,0.52,0.46,0.31,0.3,0.52,0.72,0.78,0.75,0.04,-0.03,-0.08,0.02,0.03,0.03,72.7
183,265.6,287.1,290.3,301.0,306.1,290.8,1010.975269,1011.763441,1011.902222,1009.492473,1008.52,1008.115054,26.672903,26.756774,26.959333,27.306452,27706.0,28.065806,73.475806,70.524194,70875.0,71.475806,71.95,74.120968,22.36,21.07,20.79,20.65,21.24,21.96,27.54,27.32,27.1,26.98,26.86,26.34,26.37,25.64,25.24,25.0,25.08,24.8,28.64,28.86,28.97,29.07,29.0,28.6,0.24,0.4,0.48,0.52,0.46,0.44,0.3,0.52,0.72,0.78,0.75,0.55,-0.03,-0.08,0.02,0.03,0.03,0.18,154.6
184,287.1,290.3,301.0,306.1,290.8,267.4,1011.763441,1011.902222,1009.492473,1008.52,1008.115054,1008.872043,26.756774,26.959333,27.306452,27706.0,28.065806,27.940645,70.524194,70875.0,71.475806,71.95,74.120968,76.33871,21.07,20.79,20.65,21.24,21.96,23.89,27.32,27.1,26.98,26.86,26.34,26.01,25.64,25.24,25.0,25.08,24.8,25.0,28.86,28.97,29.07,29.0,28.6,28.24,0.4,0.48,0.52,0.46,0.44,0.43,0.52,0.72,0.78,0.75,0.55,0.44,-0.08,0.02,0.03,0.03,0.18,0.39,144.3
185,290.3,301.0,306.1,290.8,267.4,221.0,1011.902222,1009.492473,1008.52,1008.115054,1008.872043,1007.980952,26.959333,27.306452,27706.0,28.065806,27.940645,28.180714,70875.0,71.475806,71.95,74.120968,76.33871,75.669643,20.79,20.65,21.24,21.96,23.89,25.37,27.1,26.98,26.86,26.34,26.01,26.24,25.24,25.0,25.08,24.8,25.0,25.84,28.97,29.07,29.0,28.6,28.24,28.01,0.48,0.52,0.46,0.44,0.43,0.46,0.72,0.78,0.75,0.55,0.44,0.4,0.02,0.03,0.03,0.18,0.39,0.25,217.9
186,301.0,306.1,290.8,267.4,221.0,241.6,1009.492473,1008.52,1008.115054,1008.872043,1007.980952,1008.522581,27.306452,27706.0,28.065806,27.940645,28.180714,28.365806,71.475806,71.95,74.120968,76.33871,75.669643,76.951613,20.65,21.24,21.96,23.89,25.37,25.81,26.98,26.86,26.34,26.01,26.24,27.03,25.0,25.08,24.8,25.0,25.84,27.08,29.07,29.0,28.6,28.24,28.01,27.95,0.52,0.46,0.44,0.43,0.46,0.48,0.78,0.75,0.55,0.44,0.4,0.7,0.03,0.03,0.18,0.39,0.25,0.26,87.0
187,306.1,290.8,267.4,221.0,241.6,198.4,1008.52,1008.115054,1008.872043,1007.980952,1008.522581,1008.805556,27706.0,28.065806,27.940645,28.180714,28.365806,27.579333,71.95,74.120968,76.33871,75.669643,76.951613,79975.0,21.24,21.96,23.89,25.37,25.81,24.31,26.86,26.34,26.01,26.24,27.03,27.57,25.08,24.8,25.0,25.84,27.08,27.22,29.0,28.6,28.24,28.01,27.95,28.36,0.46,0.44,0.43,0.46,0.48,0.53,0.75,0.55,0.44,0.4,0.7,0.53,0.03,0.18,0.39,0.25,0.26,0.35,13.5
188,290.8,267.4,221.0,241.6,198.4,230.6,1008.115054,1008.872043,1007.980952,1008.522581,1008.805556,1009.606452,28.065806,27.940645,28.180714,28.365806,27.579333,27.423871,74.120968,76.33871,75.669643,76.951613,79975.0,79.725806,21.96,23.89,25.37,25.81,24.31,22.83,26.34,26.01,26.24,27.03,27.57,27.53,24.8,25.0,25.84,27.08,27.22,26.43,28.6,28.24,28.01,27.95,28.36,28.69,0.44,0.43,0.46,0.48,0.53,0.41,0.55,0.44,0.4,0.7,0.53,0.64,0.18,0.39,0.25,0.26,0.35,0.48,10.5
189,267.4,221.0,241.6,198.4,230.6,207.8,1008.872043,1007.980952,1008.522581,1008.805556,1009.606452,1010.355556,27.940645,28.180714,28.365806,27.579333,27.423871,26496.0,76.33871,75.669643,76.951613,79975.0,79.725806,81.333333,23.89,25.37,25.81,24.31,22.83,21.22,26.01,26.24,27.03,27.57,27.53,27.3,25.0,25.84,27.08,27.22,26.43,25.73,28.24,28.01,27.95,28.36,28.69,28.77,0.43,0.46,0.48,0.53,0.41,0.29,0.44,0.4,0.7,0.53,0.64,0.32,0.39,0.25,0.26,0.35,0.48,0.28,9.4
190,221.0,241.6,198.4,230.6,207.8,242.6,1007.980952,1008.522581,1008.805556,1009.606452,1010.355556,1011.107527,28.180714,28.365806,27.579333,27.423871,26496.0,26.321935,75.669643,76.951613,79975.0,79.725806,81.333333,78.274194,25.37,25.81,24.31,22.83,21.22,20.36,26.24,27.03,27.57,27.53,27.3,26.91,25.84,27.08,27.22,26.43,25.73,25.1,28.01,27.95,28.36,28.69,28.77,28.66,0.46,0.48,0.53,0.41,0.29,0.22,0.4,0.7,0.53,0.64,0.32,0.34,0.25,0.26,0.35,0.48,0.28,0.23,11.2
191,241.6,198.4,230.6,207.8,242.6,281.0,1008.522581,1008.805556,1009.606452,1010.355556,1011.107527,1010.457143,28.365806,27.579333,27.423871,26496.0,26.321935,27.087586,76.951613,79975.0,79.725806,81.333333,78.274194,73.112069,25.81,24.31,22.83,21.22,20.36,19.85,27.03,27.57,27.53,27.3,26.91,26.47,27.08,27.22,26.43,25.73,25.1,24.47,27.95,28.36,28.69,28.77,28.66,28.61,0.48,0.53,0.41,0.29,0.22,0.22,0.7,0.53,0.64,0.32,0.34,0.56,0.26,0.35,0.48,0.28,0.23,0.25,10.6
192,198.4,230.6,207.8,242.6,281.0,285.4,1008.805556,1009.606452,1010.355556,1011.107527,1010.457143,1010.487778,27.579333,27.423871,26496.0,26.321935,27.087586,27.297333,79975.0,79.725806,81.333333,78.274194,73.112069,74.241667,24.31,22.83,21.22,20.36,19.85,19.95,27.57,27.53,27.3,26.91,26.47,26.54,27.22,26.43,25.73,25.1,24.47,24.58,28.36,28.69,28.77,28.66,28.61,28.65,0.53,0.41,0.29,0.22,0.22,0.35,0.53,0.64,0.32,0.34,0.56,0.61,0.35,0.48,0.28,0.23,0.25,0.03,67.2
193,230.6,207.8,242.6,281.0,285.4,297.0,1009.606452,1010.355556,1011.107527,1010.457143,1010.487778,1009.966667,27.423871,26496.0,26.321935,27.087586,27.297333,27.630323,79.725806,81.333333,78.274194,73.112069,74.241667,73.129032,22.83,21.22,20.36,19.85,19.95,20.27,27.53,27.3,26.91,26.47,26.54,26.52,26.43,25.73,25.1,24.47,24.58,24.79,28.69,28.77,28.66,28.61,28.65,28.72,0.41,0.29,0.22,0.22,0.35,0.28,0.64,0.32,0.34,0.56,0.61,0.66,0.48,0.28,0.23,0.25,0.03,0.04,144.2
194,207.8,242.6,281.0,285.4,297.0,260.0,1010.355556,1011.107527,1010.457143,1010.487778,1009.966667,1008.145556,26496.0,26.321935,27.087586,27.297333,27.630323,27742.0,81.333333,78.274194,73.112069,74.241667,73.129032,74.558333,21.22,20.36,19.85,19.95,20.27,21.09,27.3,26.91,26.47,26.54,26.52,26.56,25.73,25.1,24.47,24.58,24.79,24.9,28.77,28.66,28.61,28.65,28.72,28.74,0.29,0.22,0.22,0.35,0.28,0.19,0.32,0.34,0.56,0.61,0.66,0.32,0.28,0.23,0.25,0.03,0.04,-0.07,330.6
195,242.6,281.0,285.4,297.0,260.0,294.4,1011.107527,1010.457143,1010.487778,1009.966667,1008.145556,1008.676344,26.321935,27.087586,27.297333,27.630323,27742.0,28.014839,78.274194,73.112069,74.241667,73.129032,74.558333,73.379032,20.36,19.85,19.95,20.27,21.09,22.37,26.91,26.47,26.54,26.52,26.56,26.43,25.1,24.47,24.58,24.79,24.9,25.09,28.66,28.61,28.65,28.72,28.74,28.48,0.22,0.22,0.35,0.28,0.19,0.1,0.34,0.56,0.61,0.66,0.32,0.27,0.23,0.25,0.03,0.04,-0.07,0.11,266.9
196,281.0,285.4,297.0,260.0,294.4,229.8,1010.457143,1010.487778,1009.966667,1008.145556,1008.676344,1008.982796,27.087586,27.297333,27.630323,27742.0,28.014839,27.560645,73.112069,74.241667,73.129032,74.558333,73.379032,77.346774,19.85,19.95,20.27,21.09,22.37,24.56,26.47,26.54,26.52,26.56,26.43,26.05,24.47,24.58,24.79,24.9,25.09,25.23,28.61,28.65,28.72,28.74,28.48,28.14,0.22,0.35,0.28,0.19,0.1,0.01,0.56,0.61,0.66,0.32,0.27,0.13,0.25,0.03,0.04,-0.07,0.11,0.11,257.1
197,285.4,297.0,260.0,294.4,229.8,197.4,1010.487778,1009.966667,1008.145556,1008.676344,1008.982796,1008.12381,27.297333,27.630323,27742.0,28.014839,27.560645,27.043571,74.241667,73.129032,74.558333,73.379032,77.346774,80.178571,19.95,20.27,21.09,22.37,24.56,25.49,26.54,26.52,26.56,26.43,26.05,26.14,24.58,24.79,24.9,25.09,25.23,25.62,28.65,28.72,28.74,28.48,28.14,28.27,0.35,0.28,0.19,0.1,0.01,-0.19,0.61,0.66,0.32,0.27,0.13,-0.08,0.03,0.04,-0.07,0.11,0.11,0.22,56.0
198,297.0,260.0,294.4,229.8,197.4,184.5,1009.966667,1008.145556,1008.676344,1008.982796,1008.12381,1008.655914,27.630323,27742.0,28.014839,27.560645,27.043571,27.192903,73.129032,74.558333,73.379032,77.346774,80.178571,81.112903,20.27,21.09,22.37,24.56,25.49,26.17,26.52,26.56,26.43,26.05,26.14,27.0,24.79,24.9,25.09,25.23,25.62,26.89,28.72,28.74,28.48,28.14,28.27,28.6,0.28,0.19,0.1,0.01,-0.19,-0.23,0.66,0.32,0.27,0.13,-0.08,-0.35,0.04,-0.07,0.11,0.11,0.22,0.22,35.6
199,260.0,294.4,229.8,197.4,184.5,166.4,1008.145556,1008.676344,1008.982796,1008.12381,1008.655914,1008.843333,27742.0,28.014839,27.560645,27.043571,27.192903,26.912667,74.558333,73.379032,77.346774,80.178571,81.112903,84.558333,21.09,22.37,24.56,25.49,26.17,25.51,26.56,26.43,26.05,26.14,27.0,27.9,24.9,25.09,25.23,25.62,26.89,27.64,28.74,28.48,28.14,28.27,28.6,28.98,0.19,0.1,0.01,-0.19,-0.23,-0.17,0.32,0.27,0.13,-0.08,-0.35,-0.21,-0.07,0.11,0.11,0.22,0.22,0.23,1.7
200,294.4,229.8,197.4,184.5,166.4,191.8,1008.676344,1008.982796,1008.12381,1008.655914,1008.843333,1009.088172,28.014839,27.560645,27.043571,27.192903,26.912667,26.696129,73.379032,77.346774,80.178571,81.112903,84.558333,84.016129,22.37,24.56,25.49,26.17,25.51,25.48,26.43,26.05,26.14,27.0,27.9,28.25,25.09,25.23,25.62,26.89,27.64,27.64,28.48,28.14,28.27,28.6,28.98,29.45,0.1,0.01,-0.19,-0.23,-0.17,-0.05,0.27,0.13,-0.08,-0.35,-0.21,-0.06,0.11,0.11,0.22,0.22,0.23,0.48,7.5
201,229.8,197.4,184.5,166.4,191.8,231.0,1008.982796,1008.12381,1008.655914,1008.843333,1009.088172,1010.277778,27.560645,27.043571,27.192903,26.912667,26.696129,26.927333,77.346774,80.178571,81.112903,84.558333,84.016129,78.066667,24.56,25.49,26.17,25.51,25.48,24.67,26.05,26.14,27.0,27.9,28.25,27.96,25.23,25.62,26.89,27.64,27.64,27.15,28.14,28.27,28.6,28.98,29.45,29.36,0.01,-0.19,-0.23,-0.17,-0.05,0.02,0.13,-0.08,-0.35,-0.21,-0.06,-0.05,0.11,0.22,0.22,0.23,0.48,0.47,4.4
202,197.4,184.5,166.4,191.8,231.0,257.3,1008.12381,1008.655914,1008.843333,1009.088172,1010.277778,1012.489247,27.043571,27.192903,26.912667,26.696129,26.927333,26.454194,80.178571,81.112903,84.558333,84.016129,78.066667,75.66129,25.49,26.17,25.51,25.48,24.67,22.94,26.14,27.0,27.9,28.25,27.96,27.23,25.62,26.89,27.64,27.64,27.15,26.12,28.27,28.6,28.98,29.45,29.36,29.04,-0.19,-0.23,-0.17,-0.05,0.02,0.11,-0.08,-0.35,-0.21,-0.06,-0.05,0.14,0.22,0.22,0.23,0.48,0.47,0.17,18.0
203,184.5,166.4,191.8,231.0,257.3,284.0,1008.655914,1008.843333,1009.088172,1010.277778,1012.489247,1011.830108,27.192903,26.912667,26.696129,26.927333,26.454194,26.747742,81.112903,84.558333,84.016129,78.066667,75.66129,71.620968,26.17,25.51,25.48,24.67,22.94,21.9,27.0,27.9,28.25,27.96,27.23,26.82,26.89,27.64,27.64,27.15,26.12,25.3,28.6,28.98,29.45,29.36,29.04,29.04,-0.23,-0.17,-0.05,0.02,0.11,0.21,-0.35,-0.21,-0.06,-0.05,0.14,0.23,0.22,0.23,0.48,0.47,0.17,0.24,48.9
204,166.4,191.8,231.0,257.3,284.0,268.7,1008.843333,1009.088172,1010.277778,1012.489247,1011.830108,1011.311111,26.912667,26.696129,26.927333,26.454194,26.747742,27024.0,84.558333,84.016129,78.066667,75.66129,71.620968,73.491667,25.51,25.48,24.67,22.94,21.9,21.52,27.9,28.25,27.96,27.23,26.82,27.01,27.64,27.64,27.15,26.12,25.3,25.27,28.98,29.45,29.36,29.04,29.04,29.16,-0.17,-0.05,0.02,0.11,0.21,0.34,-0.21,-0.06,-0.05,0.14,0.23,0.51,0.23,0.48,0.47,0.17,0.24,0.26,72.2
205,191.8,231.0,257.3,284.0,268.7,296.1,1009.088172,1010.277778,1012.489247,1011.830108,1011.311111,1010.129032,26.696129,26.927333,26.454194,26.747742,27024.0,27.529032,84.016129,78.066667,75.66129,71.620968,73.491667,71.362903,25.48,24.67,22.94,21.9,21.52,21.71,28.25,27.96,27.23,26.82,27.01,27.16,27.64,27.15,26.12,25.3,25.27,25.56,29.45,29.36,29.04,29.04,29.16,29.24,-0.05,0.02,0.11,0.21,0.34,0.34,-0.06,-0.05,0.14,0.23,0.51,0.56,0.48,0.47,0.17,0.24,0.26,0.16,144.6
206,231.0,257.3,284.0,268.7,296.1,286.7,1010.277778,1012.489247,1011.830108,1011.311111,1010.129032,1009.177778,26.927333,26.454194,26.747742,27024.0,27.529032,27.514667,78.066667,75.66129,71.620968,73.491667,71.362903,74.141667,24.67,22.94,21.9,21.52,21.71,22.45,27.96,27.23,26.82,27.01,27.16,27.46,27.15,26.12,25.3,25.27,25.56,25.88,29.36,29.04,29.04,29.16,29.24,29.43,0.02,0.11,0.21,0.34,0.34,0.26,-0.05,0.14,0.23,0.51,0.56,0.35,0.47,0.17,0.24,0.26,0.16,-0.32,377.7
207,257.3,284.0,268.7,296.1,286.7,278.4,1012.489247,1011.830108,1011.311111,1010.129032,1009.177778,1009.350538,26.454194,26.747742,27024.0,27.529032,27.514667,27.643226,75.66129,71.620968,73.491667,71.362903,74.141667,74.209677,22.94,21.9,21.52,21.71,22.45,23.22,27.23,26.82,27.01,27.16,27.46,27.31,26.12,25.3,25.27,25.56,25.88,25.91,29.04,29.04,29.16,29.24,29.43,29.3,0.11,0.21,0.34,0.34,0.26,0.18,0.14,0.23,0.51,0.56,0.35,0.34,0.17,0.24,0.26,0.16,-0.32,-0.12,296.4
208,284.0,268.7,296.1,286.7,278.4,277.6,1011.830108,1011.311111,1010.129032,1009.177778,1009.350538,1009.968817,26.747742,27024.0,27.529032,27.514667,27.643226,27.398065,71.620968,73.491667,71.362903,74.141667,74.209677,76.274194,21.9,21.52,21.71,22.45,23.22,24.41,26.82,27.01,27.16,27.46,27.31,27.05,25.3,25.27,25.56,25.88,25.91,26.01,29.04,29.16,29.24,29.43,29.3,29.07,0.21,0.34,0.34,0.26,0.18,0.09,0.23,0.51,0.56,0.35,0.34,0.17,0.24,0.26,0.16,-0.32,-0.12,0.43,81.1
209,268.7,296.1,286.7,278.4,277.6,177.5,1011.311111,1010.129032,1009.177778,1009.350538,1009.968817,1009.167857,27024.0,27.529032,27.514667,27.643226,27.398065,27.543571,73.491667,71.362903,74.141667,74.209677,76.274194,79.1875,21.52,21.71,22.45,23.22,24.41,25.57,27.01,27.16,27.46,27.31,27.05,27.17,25.27,25.56,25.88,25.91,26.01,26.46,29.16,29.24,29.43,29.3,29.07,29.07,0.34,0.34,0.26,0.18,0.09,-0.05,0.51,0.56,0.35,0.34,0.17,0.11,0.26,0.16,-0.32,-0.12,0.43,0.42,66.2
210,296.1,286.7,278.4,277.6,177.5,170.6,1010.129032,1009.177778,1009.350538,1009.968817,1009.167857,1008.744086,27.529032,27.514667,27.643226,27.398065,27.543571,26.879355,71.362903,74.141667,74.209677,76.274194,79.1875,83.403226,21.71,22.45,23.22,24.41,25.57,26.57,27.16,27.46,27.31,27.05,27.17,27.75,25.56,25.88,25.91,26.01,26.46,27.3,29.24,29.43,29.3,29.07,29.07,29.22,0.34,0.26,0.18,0.09,-0.05,-0.18,0.56,0.35,0.34,0.17,0.11,-0.11,0.16,-0.32,-0.12,0.43,0.42,0.23,147.5
211,286.7,278.4,277.6,177.5,170.6,176.7,1009.177778,1009.350538,1009.968817,1009.167857,1008.744086,1009.271111,27.514667,27.643226,27.398065,27.543571,26.879355,26.888667,74.141667,74.209677,76.274194,79.1875,83.403226,84975.0,22.45,23.22,24.41,25.57,26.57,26.54,27.46,27.31,27.05,27.17,27.75,28.52,25.88,25.91,26.01,26.46,27.3,28.21,29.43,29.3,29.07,29.07,29.22,29.61,0.26,0.18,0.09,-0.05,-0.18,-0.16,0.35,0.34,0.17,0.11,-0.11,-0.24,-0.32,-0.12,0.43,0.42,0.23,0.36,12.7
212,278.4,277.6,177.5,170.6,176.7,264.1,1009.350538,1009.968817,1009.167857,1008.744086,1009.271111,1009.601075,27.643226,27.398065,27.543571,26.879355,26.888667,27.62,74.209677,76.274194,79.1875,83.403226,84975.0,79.427419,23.22,24.41,25.57,26.57,26.54,25.96,27.31,27.05,27.17,27.75,28.52,28.85,25.91,26.01,26.46,27.3,28.21,28.2,29.3,29.07,29.07,29.22,29.61,29.85,0.18,0.09,-0.05,-0.18,-0.16,-0.11,0.34,0.17,0.11,-0.11,-0.24,0.08,-0.12,0.43,0.42,0.23,0.36,0.46,15.2
213,277.6,177.5,170.6,176.7,264.1,242.5,1009.968817,1009.167857,1008.744086,1009.271111,1009.601075,1011.378889,27.398065,27.543571,26.879355,26.888667,27.62,26784.0,76.274194,79.1875,83.403226,84975.0,79.427419,79.15,24.41,25.57,26.57,26.54,25.96,25.32,27.05,27.17,27.75,28.52,28.85,28.9,26.01,26.46,27.3,28.21,28.2,28.07,29.07,29.07,29.22,29.61,29.85,29.88,0.09,-0.05,-0.18,-0.16,-0.11,0.01,0.17,0.11,-0.11,-0.24,0.08,-0.07,0.43,0.42,0.23,0.36,0.46,0.38,1.1
225,185.5,191.4,240.6,185.7,250.6,261.1,1009.236957,1009.003448,1009.18172,1008.464444,1010.545161,1011.652222,27.356129,27.451724,28.056129,27.410667,27.543226,27.487333,82.508065,82.198276,80.629032,83.05,80.556452,76.15,26.36,27.4,27.83,25.98,24.9,23.77,29.11,29.01,28.9,28.72,28.23,27.69,28.25,28.38,28.74,28.2,27.23,26.48,29.54,29.41,29.39,29.37,29.45,29.35,0.37,0.34,0.25,0.24,0.28,0.37,0.5,0.45,0.39,0.32,0.38,0.39,0.81,0.59,0.6,0.39,0.35,0.68,7.6
232,295.4,300.5,308.1,307.5,238.3,243.9,1011.178495,1011.008889,1009.033333,1008.378889,1008.315054,1008.536559,27.199355,27.479333,27.966452,28.305333,28.22129,27.683871,71.766129,72.466667,73.483871,74.266667,75.846774,78.854839,21.25,21.29,21.36,21.78,23.24,25.5,26.28,26.14,25.98,25.94,26.1,26.12,24.59,24.64,24.42,24.48,24.76,25.58,28.73,28.51,28.32,28.24,28.35,28.16,0.34,0.28,0.31,0.31,0.41,0.29,0.49,0.39,0.55,0.46,0.52,0.49,0.52,0.26,0.46,0.28,0.67,0.58,136.7
233,300.5,308.1,307.5,238.3,243.9,180.8,1011.008889,1009.033333,1008.378889,1008.315054,1008.536559,1008.44881,27.479333,27.966452,28.305333,28.22129,27.683871,27.353571,72.466667,73.483871,74.266667,75.846774,78.854839,81.892857,21.29,21.36,21.78,23.24,25.5,27.46,26.14,25.98,25.94,26.1,26.12,26.67,24.64,24.42,24.48,24.76,25.58,26.83,28.51,28.32,28.24,28.35,28.16,28.11,0.28,0.31,0.31,0.41,0.29,0.23,0.39,0.55,0.46,0.52,0.49,0.23,0.26,0.46,0.28,0.67,0.58,0.09,48.0
234,308.1,307.5,238.3,243.9,180.8,113.4,1009.033333,1008.378889,1008.315054,1008.536559,1008.44881,1008.305376,27.966452,28.305333,28.22129,27.683871,27.353571,26.632258,73.483871,74.266667,75.846774,78.854839,81.892857,86.629032,21.36,21.78,23.24,25.5,27.46,28.1,25.98,25.94,26.1,26.12,26.67,27.32,24.42,24.48,24.76,25.58,26.83,27.55,28.32,28.24,28.35,28.16,28.11,28.29,0.31,0.31,0.41,0.29,0.23,0.22,0.55,0.46,0.52,0.49,0.23,0.13,0.46,0.28,0.67,0.58,0.09,0.29,78.1
235,307.5,238.3,243.9,180.8,113.4,173.7,1008.378889,1008.315054,1008.536559,1008.44881,1008.305376,1008.606667,28.305333,28.22129,27.683871,27.353571,26.632258,27.238667,74.266667,75.846774,78.854839,81.892857,86.629032,85.116667,21.78,23.24,25.5,27.46,28.1,26.59,25.94,26.1,26.12,26.67,27.32,28.03,24.48,24.76,25.58,26.83,27.55,28.03,28.24,28.35,28.16,28.11,28.29,28.69,0.31,0.41,0.29,0.23,0.22,0.38,0.46,0.52,0.49,0.23,0.13,0.47,0.28,0.67,0.58,0.09,0.29,0.4,1.5
236,238.3,243.9,180.8,113.4,173.7,197.6,1008.315054,1008.536559,1008.44881,1008.305376,1008.606667,1009.358065,28.22129,27.683871,27.353571,26.632258,27.238667,27.384516,75.846774,78.854839,81.892857,86.629032,85.116667,82.008065,23.24,25.5,27.46,28.1,26.59,24.63,26.1,26.12,26.67,27.32,28.03,28.3,24.76,25.58,26.83,27.55,28.03,27.55,28.35,28.16,28.11,28.29,28.69,29.1,0.41,0.29,0.23,0.22,0.38,0.51,0.52,0.49,0.23,0.13,0.47,0.58,0.67,0.58,0.09,0.29,0.4,0.47,7.4
237,243.9,180.8,113.4,173.7,197.6,240.4,1008.536559,1008.44881,1008.305376,1008.606667,1009.358065,1010.273333,27.683871,27.353571,26.632258,27.238667,27.384516,27384.0,78.854839,81.892857,86.629032,85.116667,82.008065,77675.0,25.5,27.46,28.1,26.59,24.63,22.89,26.12,26.67,27.32,28.03,28.3,28.06,25.58,26.83,27.55,28.03,27.55,26.68,28.16,28.11,28.29,28.69,29.1,29.29,0.29,0.23,0.22,0.38,0.51,0.5,0.49,0.23,0.13,0.47,0.58,0.6,0.58,0.09,0.29,0.4,0.47,0.57,10.7
238,180.8,113.4,173.7,197.6,240.4,229.9,1008.44881,1008.305376,1008.606667,1009.358065,1010.273333,1012.133333,27.353571,26.632258,27.238667,27.384516,27384.0,26.593548,81.892857,86.629032,85.116667,82.008065,77675.0,75.419355,27.46,28.1,26.59,24.63,22.89,21.64,26.67,27.32,28.03,28.3,28.06,27.54,26.83,27.55,28.03,27.55,26.68,25.84,28.11,28.29,28.69,29.1,29.29,29.16,0.23,0.22,0.38,0.51,0.5,0.48,0.23,0.13,0.47,0.58,0.6,0.6,0.09,0.29,0.4,0.47,0.57,0.35,9.5
239,113.4,173.7,197.6,240.4,229.9,286.8,1008.305376,1008.606667,1009.358065,1010.273333,1012.133333,1011.088172,26.632258,27.238667,27.384516,27384.0,26.593548,27.085806,86.629032,85.116667,82.008065,77675.0,75.419355,73.379032,28.1,26.59,24.63,22.89,21.64,20.67,27.32,28.03,28.3,28.06,27.54,26.7,27.55,28.03,27.55,26.68,25.84,24.87,28.29,28.69,29.1,29.29,29.16,28.87,0.22,0.38,0.51,0.5,0.48,0.46,0.13,0.47,0.58,0.6,0.6,0.67,0.29,0.4,0.47,0.57,0.35,0.59,20.7
240,173.7,197.6,240.4,229.9,286.8,289.6,1008.606667,1009.358065,1010.273333,1012.133333,1011.088172,1011.021111,27.238667,27.384516,27384.0,26.593548,27.085806,27.341333,85.116667,82.008065,77675.0,75.419355,73.379032,70.8,26.59,24.63,22.89,21.64,20.67,19.92,28.03,28.3,28.06,27.54,26.7,26.29,28.03,27.55,26.68,25.84,24.87,24.18,28.69,29.1,29.29,29.16,28.87,28.72,0.38,0.51,0.5,0.48,0.46,0.44,0.47,0.58,0.6,0.6,0.67,0.52,0.4,0.47,0.57,0.35,0.59,0.27,151.6
241,197.6,240.4,229.9,286.8,289.6,290.6,1009.358065,1010.273333,1012.133333,1011.088172,1011.021111,1009.325806,27.384516,27384.0,26.593548,27.085806,27.341333,27.677419,82.008065,77675.0,75.419355,73.379032,70.8,72.451613,24.63,22.89,21.64,20.67,19.92,20.21,28.3,28.06,27.54,26.7,26.29,26.15,27.55,26.68,25.84,24.87,24.18,24.26,29.1,29.29,29.16,28.87,28.72,28.56,0.51,0.5,0.48,0.46,0.44,0.41,0.58,0.6,0.6,0.67,0.52,0.45,0.47,0.57,0.35,0.59,0.27,0.42,229.5
242,240.4,229.9,286.8,289.6,290.6,291.7,1010.273333,1012.133333,1011.088172,1011.021111,1009.325806,1008.374444,27384.0,26.593548,27.085806,27.341333,27.677419,27.745333,77675.0,75.419355,73.379032,70.8,72.451613,72925.0,22.89,21.64,20.67,19.92,20.21,20.46,28.06,27.54,26.7,26.29,26.15,25.74,26.68,25.84,24.87,24.18,24.26,24.02,29.29,29.16,28.87,28.72,28.56,28.3,0.5,0.48,0.46,0.44,0.41,0.42,0.6,0.6,0.67,0.52,0.45,0.53,0.57,0.35,0.59,0.27,0.42,0.2,277.4
243,229.9,286.8,289.6,290.6,291.7,275.4,1012.133333,1011.088172,1011.021111,1009.325806,1008.374444,1008.343011,26.593548,27.085806,27.341333,27.677419,27.745333,28.141935,75.419355,73.379032,70.8,72.451613,72925.0,74.725806,21.64,20.67,19.92,20.21,20.46,21.39,27.54,26.7,26.29,26.15,25.74,25.62,25.84,24.87,24.18,24.26,24.02,24.0,29.16,28.87,28.72,28.56,28.3,28.02,0.48,0.46,0.44,0.41,0.42,0.44,0.6,0.67,0.52,0.45,0.53,0.54,0.35,0.59,0.27,0.42,0.2,0.17,185.8
244,286.8,289.6,290.6,291.7,275.4,221.1,1011.088172,1011.021111,1009.325806,1008.374444,1008.343011,1008.486022,27.085806,27.341333,27.677419,27.745333,28.141935,27.60129,73.379032,70.8,72.451613,72925.0,74.725806,77.620968,20.67,19.92,20.21,20.46,21.39,23.44,26.7,26.29,26.15,25.74,25.62,25.57,24.87,24.18,24.26,24.02,24.0,24.48,28.87,28.72,28.56,28.3,28.02,27.88,0.46,0.44,0.41,0.42,0.44,0.17,0.67,0.52,0.45,0.53,0.54,0.28,0.59,0.27,0.42,0.2,0.17,0.62,217.1
245,289.6,290.6,291.7,275.4,221.1,150.4,1011.021111,1009.325806,1008.374444,1008.343011,1008.486022,1008.167857,27.341333,27.677419,27.745333,28.141935,27.60129,26.767857,70.8,72.451613,72925.0,74.725806,77.620968,83.446429,19.92,20.21,20.46,21.39,23.44,25.13,26.29,26.15,25.74,25.62,25.57,25.97,24.18,24.26,24.02,24.0,24.48,25.5,28.72,28.56,28.3,28.02,27.88,27.85,0.44,0.41,0.42,0.44,0.17,0.02,0.52,0.45,0.53,0.54,0.28,-0.09,0.27,0.42,0.2,0.17,0.62,-0.01,51.2
246,290.6,291.7,275.4,221.1,150.4,210.1,1009.325806,1008.374444,1008.343011,1008.486022,1008.167857,1008.398925,27.677419,27.745333,28.141935,27.60129,26.767857,27.576774,72.451613,72925.0,74.725806,77.620968,83.446429,80.612903,20.21,20.46,21.39,23.44,25.13,25.13,26.15,25.74,25.62,25.57,25.97,26.48,24.26,24.02,24.0,24.48,25.5,26.27,28.56,28.3,28.02,27.88,27.85,28.1,0.41,0.42,0.44,0.17,0.02,-0.17,0.45,0.53,0.54,0.28,-0.09,0.02,0.42,0.2,0.17,0.62,-0.01,0.17,197.4
247,291.7,275.4,221.1,150.4,210.1,166.0,1008.374444,1008.343011,1008.486022,1008.167857,1008.398925,1008.906667,27.745333,28.141935,27.60129,26.767857,27.576774,26874.0,72925.0,74.725806,77.620968,83.446429,80.612903,82.558333,20.46,21.39,23.44,25.13,25.13,24.51,25.74,25.62,25.57,25.97,26.48,27.31,24.02,24.0,24.48,25.5,26.27,26.96,28.3,28.02,27.88,27.85,28.1,28.65,0.42,0.44,0.17,0.02,-0.17,-0.25,0.53,0.54,0.28,-0.09,0.02,-0.17,0.2,0.17,0.62,-0.01,0.17,0.28,21.0
248,275.4,221.1,150.4,210.1,166.0,187.1,1008.343011,1008.486022,1008.167857,1008.398925,1008.906667,1009.698925,28.141935,27.60129,26.767857,27.576774,26874.0,26.986452,74.725806,77.620968,83.446429,80.612903,82.558333,80.483871,21.39,23.44,25.13,25.13,24.51,23.67,25.62,25.57,25.97,26.48,27.31,27.73,24.0,24.48,25.5,26.27,26.96,26.92,28.02,27.88,27.85,28.1,28.65,29.07,0.44,0.17,0.02,-0.17,-0.25,-0.42,0.54,0.28,-0.09,0.02,-0.17,-0.4,0.17,0.62,-0.01,0.17,0.28,0.28,5.4
249,221.1,150.4,210.1,166.0,187.1,237.3,1008.486022,1008.167857,1008.398925,1008.906667,1009.698925,1011.312222,27.60129,26.767857,27.576774,26874.0,26.986452,26606.0,77.620968,83.446429,80.612903,82.558333,80.483871,76.858333,23.44,25.13,25.13,24.51,23.67,22.4,25.57,25.97,26.48,27.31,27.73,27.77,24.48,25.5,26.27,26.96,26.92,26.63,27.88,27.85,28.1,28.65,29.07,29.21,0.17,0.02,-0.17,-0.25,-0.42,-0.46,0.28,-0.09,0.02,-0.17,-0.4,-0.48,0.62,-0.01,0.17,0.28,0.28,0.46,6.3
250,150.4,210.1,166.0,187.1,237.3,240.1,1008.167857,1008.398925,1008.906667,1009.698925,1011.312222,1011.494624,26.767857,27.576774,26874.0,26.986452,26606.0,26.403226,83.446429,80.612903,82.558333,80.483871,76.858333,76.16129,25.13,25.13,24.51,23.67,22.4,21.56,25.97,26.48,27.31,27.73,27.77,27.42,25.5,26.27,26.96,26.92,26.63,25.92,27.85,28.1,28.65,29.07,29.21,29.13,0.02,-0.17,-0.25,-0.42,-0.46,-0.31,-0.09,0.02,-0.17,-0.4,-0.48,-0.21,-0.01,0.17,0.28,0.28,0.46,0.38,3.3
251,210.1,166.0,187.1,237.3,240.1,264.9,1008.398925,1008.906667,1009.698925,1011.312222,1011.494624,1012.005376,27.576774,26874.0,26.986452,26606.0,26.403226,26.812903,80.612903,82.558333,80.483871,76.858333,76.16129,74.314516,25.13,24.51,23.67,22.4,21.56,20.74,26.48,27.31,27.73,27.77,27.42,26.94,26.27,26.96,26.92,26.63,25.92,25.06,28.1,28.65,29.07,29.21,29.13,29.24,-0.17,-0.25,-0.42,-0.46,-0.31,-0.12,0.02,-0.17,-0.4,-0.48,-0.21,0.01,0.17,0.28,0.28,0.46,0.38,0.41,197.3
252,166.0,187.1,237.3,240.1,264.9,285.0,1008.906667,1009.698925,1011.312222,1011.494624,1012.005376,1009.873333,26874.0,26.986452,26606.0,26.403226,26.812903,27.229333,82.558333,80.483871,76.858333,76.16129,74.314516,72.408333,24.51,23.67,22.4,21.56,20.74,20.65,27.31,27.73,27.77,27.42,26.94,27.19,26.96,26.92,26.63,25.92,25.06,25.25,28.65,29.07,29.21,29.13,29.24,29.34,-0.25,-0.42,-0.46,-0.31,-0.12,-0.01,-0.17,-0.4,-0.48,-0.21,0.01,0.33,0.28,0.28,0.46,0.38,0.41,0.36,210.2
253,187.1,237.3,240.1,264.9,285.0,285.1,1009.698925,1011.312222,1011.494624,1012.005376,1009.873333,1009.405376,26.986452,26606.0,26.403226,26.812903,27.229333,27.723871,80.483871,76.858333,76.16129,74.314516,72.408333,72.193548,23.67,22.4,21.56,20.74,20.65,21.18,27.73,27.77,27.42,26.94,27.19,27.62,26.92,26.63,25.92,25.06,25.25,25.73,29.07,29.21,29.13,29.24,29.34,29.71,-0.42,-0.46,-0.31,-0.12,-0.01,-0.03,-0.4,-0.48,-0.21,0.01,0.33,0.29,0.28,0.46,0.38,0.41,0.36,0.53,319.3
254,237.3,240.1,264.9,285.0,285.1,272.9,1011.312222,1011.494624,1012.005376,1009.873333,1009.405376,1008.1,26606.0,26.403226,26.812903,27.229333,27.723871,28292.0,76.858333,76.16129,74.314516,72.408333,72.193548,72.358333,22.4,21.56,20.74,20.65,21.18,22.46,27.77,27.42,26.94,27.19,27.62,27.61,26.63,25.92,25.06,25.25,25.73,26.0,29.21,29.13,29.24,29.34,29.71,29.61,-0.46,-0.31,-0.12,-0.01,-0.03,-0.03,-0.48,-0.21,0.01,0.33,0.29,-0.01,0.46,0.38,0.41,0.36,0.53,0.39,397.6
255,240.1,264.9,285.0,285.1,272.9,232.6,1011.494624,1012.005376,1009.873333,1009.405376,1008.1,1009.027957,26.403226,26.812903,27.229333,27.723871,28292.0,27.567097,76.16129,74.314516,72.408333,72.193548,72.358333,78.903226,21.56,20.74,20.65,21.18,22.46,23.86,27.42,26.94,27.19,27.62,27.61,27.49,25.92,25.06,25.25,25.73,26.0,26.14,29.13,29.24,29.34,29.71,29.61,29.45,-0.31,-0.12,-0.01,-0.03,-0.03,-0.07,-0.21,0.01,0.33,0.29,-0.01,-0.04,0.38,0.41,0.36,0.53,0.39,0.66,430.4
256,264.9,285.0,285.1,272.9,232.6,197.4,1012.005376,1009.873333,1009.405376,1008.1,1009.027957,1009.566667,26.812903,27.229333,27.723871,28292.0,27.567097,27.481935,74.314516,72.408333,72.193548,72.358333,78.903226,81.572581,20.74,20.65,21.18,22.46,23.86,25.4,26.94,27.19,27.62,27.61,27.49,27.19,25.06,25.25,25.73,26.0,26.14,26.26,29.24,29.34,29.71,29.61,29.45,29.08,-0.12,-0.01,-0.03,-0.03,-0.07,-0.04,0.01,0.33,0.29,-0.01,-0.04,0.08,0.41,0.36,0.53,0.39,0.66,0.75,353.4
257,285.0,285.1,272.9,232.6,197.4,141.8,1009.873333,1009.405376,1008.1,1009.027957,1009.566667,1008.547619,27.229333,27.723871,28292.0,27.567097,27.481935,27.147143,72.408333,72.193548,72.358333,78.903226,81.572581,84.982143,20.65,21.18,22.46,23.86,25.4,26.62,27.19,27.62,27.61,27.49,27.19,27.46,25.25,25.73,26.0,26.14,26.26,26.99,29.34,29.71,29.61,29.45,29.08,28.91,-0.01,-0.03,-0.03,-0.07,-0.04,-0.09,0.33,0.29,-0.01,-0.04,0.08,0.14,0.36,0.53,0.39,0.66,0.75,0.68,206.1
258,285.1,272.9,232.6,197.4,141.8,109.6,1009.405376,1008.1,1009.027957,1009.566667,1008.547619,1009.213978,27.723871,28292.0,27.567097,27.481935,27.147143,26.353548,72.193548,72.358333,78.903226,81.572581,84.982143,90.177419,21.18,22.46,23.86,25.4,26.62,26.61,27.62,27.61,27.49,27.19,27.46,28.09,25.73,26.0,26.14,26.26,26.99,27.84,29.71,29.61,29.45,29.08,28.91,28.96,-0.03,-0.03,-0.07,-0.04,-0.09,-0.09,0.29,-0.01,-0.04,0.08,0.14,0.01,0.53,0.39,0.66,0.75,0.68,1.02,49.5
259,272.9,232.6,197.4,141.8,109.6,98.0,1008.1,1009.027957,1009.566667,1008.547619,1009.213978,1008.986667,28292.0,27.567097,27.481935,27.147143,26.353548,26.698667,72.358333,78.903226,81.572581,84.982143,90.177419,87.908333,22.46,23.86,25.4,26.62,26.61,25.83,27.61,27.49,27.19,27.46,28.09,28.44,26.0,26.14,26.26,26.99,27.84,28.13,29.61,29.45,29.08,28.91,28.96,29.15,-0.03,-0.07,-0.04,-0.09,-0.09,-0.09,-0.01,-0.04,0.08,0.14,0.01,-0.02,0.39,0.66,0.75,0.68,1.02,0.65,18.7
260,232.6,197.4,141.8,109.6,98.0,172.9,1009.027957,1009.566667,1008.547619,1009.213978,1008.986667,1009.11828,27.567097,27.481935,27.147143,26.353548,26.698667,27.126667,78.903226,81.572581,84.982143,90.177419,87.908333,84.572581,23.86,25.4,26.62,26.61,25.83,24.61,27.49,27.19,27.46,28.09,28.44,28.48,26.14,26.26,26.99,27.84,28.13,27.75,29.45,29.08,28.91,28.96,29.15,29.45,-0.07,-0.04,-0.09,-0.09,-0.09,-0.04,-0.04,0.08,0.14,0.01,-0.02,0.12,0.66,0.75,0.68,1.02,0.65,0.65,8.9
261,197.4,141.8,109.6,98.0,172.9,186.2,1009.566667,1008.547619,1009.213978,1008.986667,1009.11828,1012.058824,27.481935,27.147143,26.353548,26.698667,27.126667,26.7448,81.572581,84.982143,90.177419,87.908333,84.572581,80125.0,25.4,26.62,26.61,25.83,24.61,22.78,27.19,27.46,28.09,28.44,28.48,28.18,26.26,26.99,27.84,28.13,27.75,26.82,29.08,28.91,28.96,29.15,29.45,29.58,-0.04,-0.09,-0.09,-0.09,-0.04,0.05,0.08,0.14,0.01,-0.02,0.12,0.3,0.75,0.68,1.02,0.65,0.65,0.58,9.1
262,141.8,109.6,98.0,172.9,186.2,210.8,1008.547619,1009.213978,1008.986667,1009.11828,1012.058824,1012.256604,27.147143,26.353548,26.698667,27.126667,26.7448,26.537692,84.982143,90.177419,87.908333,84.572581,80125.0,78.15,26.62,26.61,25.83,24.61,22.78,21.27,27.46,28.09,28.44,28.48,28.18,27.64,26.99,27.84,28.13,27.75,26.82,25.7,28.91,28.96,29.15,29.45,29.58,29.66,-0.09,-0.09,-0.09,-0.04,0.05,0.11,0.14,0.01,-0.02,0.12,0.3,0.37,0.68,1.02,0.65,0.65,0.58,0.5,2.8
264,98.0,172.9,186.2,210.8,234.0,229.6,1008.986667,1009.11828,1012.058824,1012.256604,1013.611111,1012.473469,26.698667,27.126667,26.7448,26.537692,26.647407,27.1528,87.908333,84.572581,80125.0,78.15,73.0,73.36,25.83,24.61,22.78,21.27,20.24,20.01,28.44,28.48,28.18,27.64,26.9,26.75,28.13,27.75,26.82,25.7,24.79,24.63,29.15,29.45,29.58,29.66,29.44,29.34,-0.09,-0.04,0.05,0.11,0.15,0.15,-0.02,0.12,0.3,0.37,0.42,0.57,0.65,0.65,0.58,0.5,0.41,0.48,186.2
265,172.9,186.2,210.8,234.0,229.6,256.0,1009.11828,1012.058824,1012.256604,1013.611111,1012.473469,1010.440741,27.126667,26.7448,26.537692,26.647407,27.1528,27.47037,84.572581,80125.0,78.15,73.0,73.36,71.925926,24.61,22.78,21.27,20.24,20.01,20.27,28.48,28.18,27.64,26.9,26.75,27.2,27.75,26.82,25.7,24.79,24.63,25.14,29.45,29.58,29.66,29.44,29.34,29.51,-0.04,0.05,0.11,0.15,0.15,0.19,0.12,0.3,0.37,0.42,0.57,0.44,0.65,0.58,0.5,0.41,0.48,0.47,345.4
266,186.2,210.8,234.0,229.6,256.0,264.9,1012.058824,1012.256604,1013.611111,1012.473469,1010.440741,1009.053846,26.7448,26.537692,26.647407,27.1528,27.47037,28.136154,80125.0,78.15,73.0,73.36,71.925926,72.615385,22.78,21.27,20.24,20.01,20.27,21.55,28.18,27.64,26.9,26.75,27.2,27.22,26.82,25.7,24.79,24.63,25.14,25.43,29.58,29.66,29.44,29.34,29.51,29.46,0.05,0.11,0.15,0.15,0.19,0.15,0.3,0.37,0.42,0.57,0.44,0.26,0.58,0.5,0.41,0.48,0.47,1.06,306.2
